Duration: 1736625 nanoseconds

A =
7 9 3 8 0 2 4 8 3 9 0 5 2 2 7 3 7 9 0 2 3 9 9 7 0 3 9 8 6 5 7 6 2 7 0 3 9 9 9 1 7 2 3 6 5 5 8 1 4 7 1 3 8 4 8 0 4 6 0 3 2 6 9 4 1 3 7 8 8 3 8 1 5 3 5 4 3 6 5 9 5 4 9 1 7 5 5 4 1 8 8 3 5 2 2 6 6 7 8 4 
1 7 1 8 7 8 7 7 4 4 9 1 5 5 5 8 2 9 8 2 0 7 4 8 5 8 3 0 6 2 2 5 2 2 7 1 5 2 1 1 0 1 8 7 6 0 0 9 5 6 2 8 5 9 4 3 9 0 5 6 3 6 3 0 8 4 0 4 6 4 6 4 3 8 4 0 0 9 3 7 5 7 2 9 7 5 6 5 3 0 4 8 5 5 5 4 2 1 9 2 
4 5 8 6 2 5 1 3 9 7 3 7 5 0 2 1 8 7 1 5 5 8 5 6 7 9 4 1 6 1 2 0 4 4 5 9 7 5 3 9 0 5 5 6 3 2 6 8 9 1 4 8 8 7 1 9 3 1 1 4 9 5 9 0 9 3 4 0 7 5 7 5 0 6 4 7 8 4 0 0 6 2 4 7 4 1 8 5 8 9 9 9 3 3 7 7 3 2 5 6 
3 4 0 6 0 4 0 5 6 8 5 3 7 6 8 6 7 1 8 4 9 7 3 1 0 2 3 7 1 8 9 3 7 4 8 0 4 0 5 7 0 0 5 6 7 8 0 6 5 7 3 4 3 0 4 8 7 5 9 5 3 2 7 3 9 7 7 9 5 3 3 3 8 5 8 9 6 0 4 2 3 3 7 0 0 1 0 3 0 0 3 8 3 6 0 4 0 9 2 4 
9 2 9 1 0 9 3 0 0 3 0 1 9 8 6 9 0 1 6 4 4 8 6 1 4 0 8 1 0 3 1 1 5 0 8 4 9 3 0 5 2 3 8 7 8 0 4 5 7 1 0 6 0 3 3 5 0 2 3 2 7 1 0 0 9 7 1 7 4 5 1 7 8 2 5 4 5 3 0 1 9 4 5 9 3 9 6 6 4 0 8 2 0 6 0 7 2 9 8 1 
1 6 1 1 8 1 1 5 0 0 8 3 7 0 1 3 4 3 7 7 5 1 2 6 6 5 4 1 7 1 3 4 8 6 1 5 0 6 5 3 1 0 1 9 5 7 6 8 5 4 7 9 6 6 6 6 7 0 4 1 0 8 1 4 8 8 4 5 7 9 8 4 5 8 8 9 4 7 0 4 0 6 5 3 8 5 1 2 4 6 7 5 5 0 5 2 0 7 7 9 
7 5 3 9 9 4 9 1 5 9 8 3 0 9 0 7 6 8 3 8 6 1 9 6 7 8 9 7 5 5 2 4 9 4 4 7 9 5 5 6 1 5 9 1 3 8 8 9 4 3 9 5 1 7 4 5 1 4 6 0 3 2 2 1 4 7 7 0 9 5 7 2 9 7 6 8 2 9 9 8 3 7 1 2 6 1 7 6 5 0 4 5 1 2 3 7 2 4 1 8 
2 6 0 3 9 4 9 6 5 1 3 2 6 9 0 0 3 9 5 3 1 1 2 6 9 1 9 0 6 1 7 3 8 7 0 3 6 9 1 4 1 4 6 1 0 2 4 0 4 3 1 7 9 4 7 0 1 1 5 2 2 2 4 9 7 7 2 0 9 0 7 1 6 0 9 2 9 6 0 2 8 4 4 8 0 1 5 1 1 1 5 1 7 0 8 5 3 7 9 6 
3 1 5 8 0 9 2 4 3 3 9 0 5 5 4 4 3 8 2 2 6 4 0 0 0 8 1 7 6 7 1 4 8 1 8 5 3 1 9 3 9 1 0 4 9 0 0 0 3 2 8 2 4 8 3 5 0 0 6 7 0 7 3 3 2 1 4 0 0 8 7 3 8 4 5 2 9 0 9 8 0 5 3 5 5 4 5 1 1 6 1 9 3 4 7 9 8 0 7 5 
8 4 2 5 0 7 0 7 6 8 2 3 9 0 3 8 3 1 0 0 8 0 4 7 6 1 6 1 4 9 6 4 2 8 4 4 9 8 1 0 3 7 4 3 4 8 1 2 8 3 9 9 9 6 1 7 3 9 8 4 0 6 3 4 6 9 7 4 9 4 1 9 6 7 0 9 7 3 1 5 6 4 5 1 2 8 8 0 7 7 9 6 0 1 2 3 2 1 1 0 
1 3 8 0 0 9 4 2 4 0 2 9 7 9 2 2 3 1 3 2 1 6 8 1 0 6 0 4 9 9 4 5 0 6 9 0 8 8 2 8 0 2 0 9 5 3 5 9 8 9 1 2 8 4 0 1 0 8 1 4 9 5 9 0 2 3 5 9 0 1 3 6 9 0 4 0 2 4 4 1 9 0 2 1 5 4 9 0 2 0 3 8 2 1 6 8 3 2 9 7 
3 4 8 6 1 1 5 6 9 8 0 2 2 6 7 6 1 2 1 3 6 5 7 3 6 3 2 5 0 3 7 3 5 9 1 8 4 0 8 9 5 8 2 3 2 6 6 6 3 4 4 2 9 2 8 9 2 5 6 7 2 8 0 0 8 2 5 8 0 3 2 3 3 2 1 9 1 6 3 9 1 7 9 6 6 6 4 4 4 5 7 6 7 7 0 2 1 1 4 3 
7 4 4 3 0 7 9 9 9 4 4 1 2 9 4 7 3 0 9 0 3 1 1 5 3 9 6 3 1 8 1 3 0 8 7 6 2 9 1 4 1 2 5 0 4 2 6 7 6 3 4 1 9 5 9 8 8 8 7 3 8 8 9 6 8 6 9 5 9 6 8 6 9 4 7 6 8 1 3 8 0 8 1 1 8 7 6 1 8 8 3 5 6 8 8 9 9 3 7 2 
3 8 3 5 1 5 4 2 2 9 1 5 8 8 0 4 0 8 5 5 9 5 7 7 3 7 6 4 3 5 4 5 6 9 4 3 6 3 4 7 4 0 7 5 0 2 5 4 2 1 5 1 6 0 0 2 3 0 5 0 5 7 4 8 0 6 0 5 9 2 8 3 7 6 2 9 8 5 9 2 5 5 9 1 1 4 4 2 6 3 6 9 1 0 4 5 8 2 1 6 
0 8 4 7 8 1 7 0 4 6 9 5 3 2 9 4 1 6 6 0 2 3 3 5 8 1 8 1 1 3 0 7 2 3 5 8 3 5 6 1 7 9 2 4 8 3 9 6 4 7 7 3 1 7 4 9 6 9 8 0 3 6 6 5 4 2 3 1 2 1 2 5 6 4 8 0 1 0 5 4 2 6 7 9 5 9 1 0 8 9 9 7 9 6 9 0 5 7 2 2 
0 1 5 0 5 6 4 5 2 3 0 6 4 7 1 1 8 5 2 0 1 1 2 4 5 5 2 3 2 3 1 1 9 8 0 9 5 2 4 2 3 5 8 4 5 1 1 0 4 1 6 1 4 5 2 3 3 6 8 4 8 3 9 2 3 0 9 2 7 2 2 7 9 3 0 9 0 1 5 8 2 5 0 2 8 3 9 9 3 0 1 5 2 7 3 9 6 4 9 2 
3 5 9 7 2 4 2 4 6 7 5 9 2 6 2 9 6 9 9 8 0 3 6 3 7 5 8 7 7 1 6 1 3 4 3 2 2 1 1 1 2 3 3 0 0 4 5 7 0 1 8 6 3 0 9 6 2 8 4 6 6 2 5 1 7 1 8 4 0 7 7 1 2 2 7 4 7 5 7 3 8 9 3 7 1 5 7 5 7 2 4 4 9 9 6 0 1 6 2 3 
5 9 1 9 1 6 3 6 4 0 8 1 9 5 5 1 7 7 8 0 4 4 5 3 9 6 5 3 7 2 1 8 4 2 1 0 6 0 3 7 8 4 7 9 5 3 3 6 0 8 9 7 4 5 9 7 5 7 4 5 8 7 9 5 9 6 6 8 5 2 8 3 9 3 3 3 9 1 4 4 5 2 6 9 5 0 3 0 2 8 3 1 7 8 6 8 6 7 4 0 
0 8 7 6 4 6 3 7 8 4 6 8 2 3 0 4 4 3 3 2 9 7 9 7 1 3 3 9 0 4 7 4 1 8 0 8 8 1 7 2 3 0 6 0 4 8 0 3 9 4 5 1 1 0 7 0 4 5 1 4 2 4 0 6 7 1 5 9 1 5 0 0 5 9 4 3 4 4 4 4 3 5 7 7 7 2 4 2 9 9 3 7 0 0 6 6 2 5 8 6 
1 4 7 8 0 2 7 5 1 6 4 0 5 8 9 2 3 2 6 8 3 6 6 6 3 1 6 2 1 9 7 4 2 0 2 5 0 2 1 2 3 7 7 6 5 1 9 9 7 9 0 6 5 1 7 9 7 3 5 9 2 8 3 9 8 7 4 1 7 6 0 2 1 0 8 7 9 4 7 2 9 7 0 1 4 4 0 5 9 7 5 5 4 0 8 7 3 7 4 8 
7 5 3 2 7 6 2 2 2 8 0 5 0 6 1 9 0 2 7 5 2 4 5 0 1 3 1 7 1 0 9 7 4 8 3 8 1 2 9 6 5 2 3 9 9 4 6 7 2 0 6 1 5 4 6 4 7 5 5 6 4 1 1 0 6 9 7 7 9 3 2 5 9 9 0 2 8 3 6 6 3 7 3 3 8 4 6 3 0 1 6 5 9 5 8 5 9 1 4 0 
6 2 3 3 5 1 5 2 8 5 2 0 1 0 3 7 9 0 1 9 2 9 6 9 1 6 0 1 0 2 1 5 0 4 7 3 5 8 1 6 3 8 6 0 2 6 9 0 2 1 2 1 7 9 8 7 6 2 8 3 8 4 9 6 3 2 3 6 9 5 4 2 1 7 1 9 4 7 6 6 6 7 3 4 7 0 7 0 6 3 3 5 0 2 6 6 8 7 3 7 
6 5 4 6 8 3 1 7 1 6 4 4 9 5 9 8 4 0 7 3 2 5 1 1 0 2 9 0 3 5 8 4 8 4 1 0 0 8 5 8 4 7 2 8 0 2 5 4 0 6 3 0 0 5 2 2 0 8 2 5 5 7 4 7 4 0 0 6 6 1 3 2 5 8 5 0 5 6 7 5 7 5 3 5 6 3 2 7 1 9 5 1 7 6 0 5 6 1 1 5 
6 9 0 4 7 2 3 3 0 3 3 4 2 7 3 1 7 9 7 6 1 4 2 0 0 4 6 9 7 3 9 3 2 9 4 8 3 9 5 5 7 0 7 7 9 8 3 0 9 7 1 8 5 0 4 2 6 0 9 9 8 9 2 2 8 7 1 2 6 9 5 8 5 8 3 7 5 4 4 5 0 3 9 8 9 9 5 3 8 4 7 7 1 2 8 7 4 2 6 5 
3 0 2 0 0 3 3 8 8 3 2 1 0 5 5 1 4 4 7 8 8 5 8 8 4 3 1 2 4 5 9 6 4 8 7 5 7 3 6 3 6 7 6 2 7 2 6 3 1 1 4 8 4 5 7 3 7 5 3 6 8 1 7 0 0 2 6 9 7 4 7 5 8 6 5 7 5 7 9 1 1 9 1 5 5 4 3 4 3 9 1 2 0 3 9 2 0 9 4 0 
6 9 4 8 8 6 6 2 4 8 1 7 5 7 1 9 8 5 5 1 1 2 2 9 4 3 4 1 6 4 3 4 3 1 4 8 9 5 2 2 2 5 9 3 3 0 9 5 4 9 1 9 3 8 5 7 0 0 9 3 3 6 5 0 5 2 4 1 3 3 3 8 3 1 1 7 9 7 9 2 9 0 1 5 1 3 6 0 4 3 8 2 0 6 5 7 2 2 0 6 
0 1 8 5 9 3 3 1 8 2 7 2 1 1 5 7 9 7 1 6 0 6 2 1 9 1 4 0 3 0 8 5 0 7 5 7 9 9 2 3 7 9 9 7 9 9 8 8 5 5 7 5 9 4 5 6 2 6 0 8 9 1 4 5 0 7 8 4 5 8 1 8 5 2 5 1 0 0 2 0 2 0 1 0 5 0 4 6 5 8 7 4 9 3 4 6 4 1 1 5 
8 3 7 2 3 5 1 3 8 7 0 6 9 1 9 0 4 5 8 1 7 1 3 0 8 5 6 4 3 4 7 5 9 3 6 5 1 8 9 0 9 7 2 4 4 0 3 1 8 4 8 8 7 2 8 6 5 7 2 7 9 0 0 1 7 1 9 0 4 7 6 5 1 4 5 5 9 9 9 9 2 4 0 6 2 2 1 0 4 7 3 7 1 5 8 4 2 8 5 8 
2 0 9 0 7 2 6 8 8 0 3 9 7 2 4 3 0 1 5 8 7 3 4 4 7 2 4 9 9 4 7 5 8 7 3 7 0 3 0 3 6 8 6 0 2 7 9 1 6 7 1 8 5 8 1 3 7 0 2 3 2 9 3 8 3 8 7 0 8 6 3 5 8 1 6 3 8 4 7 7 2 6 1 3 0 7 4 1 5 9 2 6 8 0 5 2 3 5 7 5 
2 8 6 8 7 2 3 6 6 1 9 4 2 0 7 8 1 3 4 2 5 8 2 7 7 5 7 1 2 7 4 8 3 5 1 9 3 3 4 1 8 9 3 8 7 2 3 8 1 1 9 9 0 1 6 3 7 4 8 9 5 0 7 7 5 8 6 4 7 6 8 7 2 1 9 7 6 7 0 8 1 2 2 5 9 1 8 2 3 3 0 6 2 4 0 1 7 0 8 5 
5 7 4 1 5 9 9 7 0 3 2 2 3 9 4 1 4 2 7 4 4 6 4 7 8 8 4 7 5 2 6 7 5 4 4 8 3 3 0 4 0 2 4 5 9 4 5 6 9 0 0 0 1 4 9 7 2 0 4 3 0 4 8 7 1 0 2 4 5 9 3 5 8 8 7 9 4 1 7 7 0 9 2 2 3 2 1 2 7 7 8 7 3 2 1 3 2 7 0 5 
0 9 3 5 4 7 8 3 0 4 1 7 9 5 3 2 9 9 8 0 8 9 7 0 8 8 6 2 2 7 3 1 1 1 7 8 3 1 2 7 8 8 6 4 3 3 0 4 3 7 2 9 7 2 4 8 5 0 8 4 6 0 4 5 8 1 9 1 9 1 6 0 3 2 1 8 0 2 9 9 9 1 4 4 4 1 4 1 7 1 9 7 5 6 1 1 8 2 3 8 
3 3 0 8 3 7 0 9 3 9 3 8 6 5 5 1 6 0 5 8 8 7 2 1 7 7 4 5 0 7 6 5 3 6 5 0 2 5 3 5 2 9 0 3 7 6 3 3 6 2 6 2 8 1 6 4 9 2 6 9 6 4 5 5 8 3 3 4 6 5 0 5 7 3 2 1 4 7 6 7 1 0 3 0 9 0 2 1 6 2 0 9 4 8 6 7 9 0 9 8 
3 8 6 1 6 8 0 1 9 1 7 4 6 6 8 6 6 2 9 9 9 7 6 0 6 1 6 8 6 0 3 1 0 4 8 7 4 6 7 9 5 7 8 0 4 0 8 0 3 3 1 3 6 4 2 9 2 2 1 5 5 1 4 0 6 3 8 6 3 9 3 6 8 1 9 9 1 5 3 8 2 8 1 9 1 3 3 0 3 2 6 0 6 2 6 2 4 2 6 0 
9 2 4 5 2 2 4 9 3 7 7 5 4 3 6 4 4 8 1 6 0 2 2 4 9 5 7 2 0 6 7 6 0 6 0 3 1 4 5 7 2 2 1 8 5 7 8 2 7 6 6 2 4 0 9 5 5 5 1 3 8 4 8 5 4 5 6 6 0 3 8 0 9 0 7 9 8 7 7 0 1 1 1 8 2 9 2 6 9 6 4 8 7 3 4 7 9 0 6 0 
6 0 2 5 2 6 4 6 9 3 7 7 1 9 5 9 9 1 9 3 3 6 1 8 8 7 6 1 8 4 3 7 7 8 1 0 0 0 3 7 9 7 3 9 4 3 6 9 1 1 5 6 9 6 4 6 4 4 5 7 5 9 0 6 8 3 2 7 0 2 5 1 9 4 8 0 6 9 3 8 5 8 9 7 4 3 9 0 4 6 1 1 9 8 9 7 5 3 5 5 
0 6 5 5 8 2 7 4 4 6 0 3 5 8 3 3 2 1 6 2 3 6 7 5 3 9 3 1 0 9 9 8 7 5 6 3 9 7 8 7 8 0 0 8 2 1 7 6 8 2 5 4 9 9 5 5 3 5 0 9 7 1 6 0 5 3 6 3 2 5 9 5 6 3 7 9 2 0 4 2 6 9 6 8 2 6 7 6 9 3 3 6 3 5 5 9 1 3 2 4 
5 6 3 0 9 7 3 5 2 1 7 2 8 3 2 5 4 2 3 9 3 4 6 2 3 7 9 4 7 8 8 0 2 4 2 8 1 0 1 4 4 7 4 1 7 2 6 1 2 2 3 6 6 0 5 0 1 3 6 5 0 7 6 2 4 3 1 7 3 5 5 6 0 9 7 4 1 2 1 1 1 7 3 5 1 1 2 6 0 2 4 9 7 5 5 3 6 9 3 5 
9 6 7 1 3 1 3 3 6 9 7 1 3 5 4 4 6 3 7 1 0 8 4 1 4 1 3 8 2 0 0 4 9 0 1 0 5 2 9 5 5 5 0 8 9 5 7 6 2 5 4 3 2 1 2 6 6 6 0 1 9 9 5 9 6 2 3 1 2 5 7 8 5 3 2 8 9 3 8 6 1 6 8 9 4 7 6 6 9 9 0 4 4 8 6 4 7 5 5 2 
0 9 8 8 3 2 4 6 0 0 7 5 0 8 1 7 9 7 1 7 0 0 0 6 8 8 3 5 5 2 7 3 1 9 5 6 4 5 9 0 8 6 9 9 5 5 6 1 1 3 5 4 6 3 3 0 3 3 6 2 2 8 2 7 8 2 4 6 2 4 9 5 6 9 1 8 1 1 2 1 6 0 9 7 2 6 3 4 7 4 7 0 7 8 0 9 2 6 1 6 
7 6 7 6 6 2 0 7 0 6 6 5 6 9 7 2 0 6 4 0 7 4 5 3 1 3 7 7 4 6 5 1 2 6 5 7 9 5 0 2 6 3 8 9 0 6 3 5 1 5 7 8 6 9 6 7 5 4 7 9 2 4 7 5 2 4 5 7 7 8 6 0 6 3 2 1 8 3 1 2 9 8 1 6 2 7 3 8 0 1 0 9 2 4 1 5 1 9 9 3 
3 7 8 8 1 0 4 7 9 9 0 9 4 7 6 1 5 2 7 2 1 9 1 0 7 1 3 8 5 0 4 9 7 2 4 6 5 6 1 6 2 6 0 7 4 5 7 5 2 6 1 8 4 1 9 3 1 1 6 2 0 9 1 9 9 5 9 2 0 6 9 4 6 9 2 3 3 0 8 0 9 5 7 9 3 3 3 2 4 3 3 5 1 0 9 3 8 7 1 0 
5 4 1 9 0 7 3 4 8 1 7 2 2 2 6 2 1 4 0 6 7 7 0 8 0 1 0 3 0 8 4 2 2 3 0 1 7 3 4 2 0 7 1 8 0 1 4 7 2 1 0 3 7 4 9 1 9 0 1 6 9 9 5 5 7 8 0 7 5 2 7 3 7 2 2 4 8 6 9 7 3 4 8 9 2 2 7 9 2 6 8 4 3 4 7 9 0 7 3 0 
1 5 8 5 9 9 7 3 8 2 6 9 2 2 3 1 4 1 4 1 6 1 0 2 5 4 7 1 3 2 7 5 0 8 0 4 9 5 0 4 1 8 6 7 3 1 5 3 1 8 1 4 3 8 3 5 0 4 7 1 8 6 5 3 4 1 4 2 2 2 9 9 2 7 8 1 7 5 7 5 3 9 3 3 7 7 2 3 0 9 3 5 3 6 1 8 5 9 9 2 
2 8 5 6 5 2 4 6 4 5 3 0 8 8 7 6 7 7 0 9 3 9 6 5 6 4 4 0 7 1 6 0 9 9 4 8 7 0 6 4 2 3 8 1 4 0 6 0 2 4 1 9 2 1 0 3 9 4 9 8 5 5 2 1 8 7 2 5 1 2 6 3 0 0 1 5 2 3 1 8 8 7 7 9 0 5 9 5 9 5 7 6 5 3 9 6 8 4 1 2 
6 8 5 5 9 7 7 6 0 0 9 2 6 5 1 0 0 4 4 0 4 8 6 5 3 1 8 5 0 1 9 5 5 9 1 5 9 5 9 5 8 4 9 7 3 6 6 3 5 6 1 9 5 9 0 9 4 6 7 8 4 6 3 8 1 3 9 0 0 6 0 8 8 0 0 8 8 7 4 2 0 6 8 5 5 2 3 9 9 8 0 0 5 2 9 6 2 2 7 4 
0 7 5 1 9 6 8 0 0 7 6 1 4 6 3 8 2 6 9 2 2 8 7 1 3 9 7 1 9 7 1 5 9 4 9 0 6 7 1 4 7 1 5 5 7 4 1 4 6 7 9 6 9 1 7 2 7 0 0 1 4 8 7 1 8 3 9 9 2 3 6 8 9 6 9 3 5 9 4 5 3 4 1 3 1 2 1 1 2 2 8 5 3 4 8 6 6 8 1 7 
6 9 0 0 7 8 8 7 0 8 5 2 3 0 2 6 4 6 4 4 7 3 2 6 3 8 0 6 6 3 0 7 7 8 5 4 8 0 3 7 1 1 6 8 2 6 1 8 8 3 5 5 2 2 0 8 4 0 4 9 0 7 2 3 0 2 1 6 7 6 9 6 8 7 1 0 2 7 8 3 3 2 5 6 1 7 4 1 1 7 2 1 6 6 2 5 1 4 9 1 
1 8 3 7 3 8 8 0 0 7 6 5 1 9 5 3 4 6 5 0 6 6 3 0 1 1 1 9 0 5 7 7 3 2 9 8 0 7 6 2 9 8 5 9 2 0 4 2 7 9 7 7 5 6 4 0 2 5 9 7 3 6 6 3 3 2 1 7 1 2 4 5 1 3 9 7 9 9 9 0 5 5 3 4 5 2 8 1 7 7 3 4 0 8 0 1 5 6 5 5 
8 4 4 6 0 8 3 5 2 7 4 2 6 7 5 5 7 9 7 6 0 4 7 1 6 6 3 3 3 5 8 0 5 5 3 4 7 9 4 3 3 0 9 5 4 4 4 5 8 3 0 5 5 9 4 8 9 3 3 6 0 2 6 6 8 4 6 4 7 4 3 4 9 1 6 8 9 2 7 2 2 0 0 1 2 6 1 3 8 3 4 7 9 9 1 5 4 9 7 7 
8 6 1 3 1 3 2 6 8 5 9 9 6 9 4 0 5 2 4 8 1 6 4 0 3 4 4 3 9 7 1 5 6 5 7 1 6 4 8 3 5 7 5 8 9 4 7 4 3 1 3 5 4 0 6 1 9 0 9 1 2 8 9 7 9 2 7 7 5 6 3 6 9 2 8 8 1 8 8 1 2 1 5 9 3 6 7 9 7 6 0 9 9 8 9 1 9 6 0 9 
8 4 5 1 3 0 4 6 9 3 4 5 0 0 4 3 8 3 8 8 5 4 5 3 7 9 3 5 6 7 3 7 0 5 5 6 4 1 8 6 0 3 4 1 3 9 0 7 0 0 1 5 1 6 2 3 4 6 1 1 5 4 1 8 1 7 8 4 6 8 4 4 8 5 1 8 2 9 8 2 9 8 2 3 4 7 6 5 6 5 4 0 4 0 4 4 3 4 3 7 
2 3 9 3 5 4 7 0 2 6 3 0 9 9 4 3 8 7 2 1 2 8 7 2 4 6 2 3 4 9 7 2 9 6 1 2 7 4 7 3 0 3 9 6 3 1 7 2 6 8 3 9 8 6 5 6 0 8 4 1 9 3 8 6 7 4 1 1 1 2 9 1 6 4 8 7 8 5 9 8 1 1 1 7 8 8 6 2 1 6 2 8 1 0 9 7 0 6 1 7 
0 6 1 3 9 9 9 4 8 4 8 3 3 9 9 3 3 4 4 1 0 5 7 2 4 8 8 4 1 7 4 7 7 4 4 6 6 0 5 9 4 6 3 6 2 2 2 3 4 8 9 8 7 0 1 2 2 2 6 6 0 2 5 1 4 2 1 2 8 5 6 2 1 6 2 6 3 3 6 1 4 0 9 7 1 2 2 4 9 8 8 8 7 7 1 5 9 6 0 8 
0 5 9 7 0 7 3 5 4 0 0 5 1 3 9 1 8 2 8 6 6 6 3 6 1 6 2 3 9 7 0 2 0 0 0 4 9 0 2 9 7 3 5 4 9 7 5 0 0 0 6 3 6 0 0 9 3 1 1 7 0 1 3 5 3 3 1 3 1 0 1 0 7 9 4 5 7 6 7 8 9 1 7 5 5 3 2 0 3 4 5 1 5 5 4 3 5 0 6 4 
1 9 5 9 2 9 8 9 9 0 2 2 3 5 3 4 2 6 1 5 7 8 1 5 8 2 1 1 0 2 2 9 3 9 9 8 1 5 9 1 3 3 6 6 7 6 6 2 4 8 3 1 0 7 8 1 6 4 7 3 3 2 6 4 4 6 0 2 9 9 4 1 5 9 8 6 4 2 7 8 8 2 9 3 6 4 6 0 6 0 9 1 5 1 6 1 9 4 2 5 
1 0 9 6 0 6 1 9 0 2 3 7 2 4 6 2 7 3 8 4 4 8 1 6 7 3 0 8 0 2 1 3 1 1 0 3 8 9 6 3 3 3 1 9 7 3 1 5 9 9 5 3 6 2 7 8 4 6 9 9 1 4 3 0 6 8 2 2 4 1 7 0 5 3 3 6 4 4 2 8 9 2 6 2 4 3 1 5 5 0 3 8 4 5 9 9 5 0 1 3 
6 9 6 1 8 1 9 0 8 8 3 7 0 5 8 0 0 5 5 3 4 4 8 6 1 6 6 9 9 4 5 0 7 4 8 0 1 3 8 4 8 2 1 5 9 6 3 2 8 2 6 1 6 0 9 5 2 1 9 3 3 5 5 3 1 8 0 5 9 2 7 5 0 7 3 5 3 6 8 2 7 4 3 9 4 0 6 7 1 9 1 9 0 0 0 7 4 1 9 4 
9 4 2 3 8 5 2 2 6 9 3 4 7 2 1 1 1 2 2 2 0 4 6 9 6 4 2 7 8 2 7 4 4 6 7 7 1 2 0 4 7 6 2 6 6 1 9 7 2 6 8 6 1 7 0 2 0 1 5 8 0 5 1 3 4 7 2 6 8 0 5 6 7 1 1 4 3 4 3 3 9 0 3 9 7 5 0 0 5 2 0 3 2 0 7 4 3 2 4 7 
6 6 2 6 6 8 6 4 9 4 8 4 8 2 6 2 6 4 1 9 0 6 6 3 5 4 7 3 3 3 5 3 1 5 8 2 4 1 1 3 2 4 3 1 7 9 6 6 2 5 9 3 3 3 0 7 4 0 5 8 6 5 0 0 0 5 7 1 8 5 5 7 2 8 9 2 3 1 6 8 4 0 2 5 8 9 5 3 9 3 5 2 8 6 5 7 5 8 4 2 
1 1 7 1 0 8 6 1 3 7 9 5 1 4 7 1 6 6 8 9 8 9 2 5 1 2 4 0 8 4 9 4 4 5 7 9 8 3 1 4 4 9 5 9 4 3 0 8 4 8 1 3 0 8 2 1 0 6 2 3 1 0 5 0 9 7 3 5 0 5 5 5 3 2 9 5 7 3 6 7 6 4 4 8 6 6 2 1 2 1 9 0 3 2 1 0 0 3 9 6 
6 7 1 8 0 9 0 6 0 8 9 5 0 6 9 4 9 5 7 5 0 8 7 3 6 7 5 8 8 0 4 3 2 7 3 8 4 3 8 2 4 0 5 7 9 2 7 9 0 8 6 6 6 3 2 5 3 3 0 7 5 8 3 3 4 8 8 5 3 0 4 0 0 3 3 8 4 9 3 3 9 9 8 0 3 0 6 3 4 5 9 0 1 6 8 3 7 7 4 1 
7 0 9 1 3 6 0 7 7 0 7 8 2 7 5 5 9 5 3 6 0 1 7 6 4 8 3 4 0 1 3 4 1 2 5 8 9 9 2 7 1 9 9 7 1 4 4 1 8 3 2 0 2 3 8 1 6 1 5 7 7 4 7 2 7 6 7 1 7 5 2 8 8 3 8 4 1 8 2 8 3 4 8 7 8 3 0 3 8 6 4 3 6 4 2 5 1 1 5 0 
1 0 7 2 3 3 9 2 1 2 4 5 8 7 8 4 0 1 8 0 9 4 3 0 0 3 7 8 9 8 7 7 7 9 5 3 4 4 4 4 0 5 4 6 9 1 0 3 7 4 9 9 8 0 2 3 7 0 7 7 4 4 6 7 7 0 7 4 9 1 0 7 4 5 0 1 5 5 4 8 0 2 6 2 1 7 1 8 3 3 2 1 8 2 3 6 4 9 1 0 
1 4 7 8 6 4 9 4 4 5 9 5 6 5 2 1 8 5 9 9 8 8 9 7 6 4 5 4 6 9 4 8 0 4 4 8 1 9 0 9 1 5 4 4 9 2 8 7 0 5 5 2 5 5 6 4 8 3 7 6 2 4 3 9 6 8 1 2 8 5 6 9 6 7 0 2 5 1 6 6 7 2 2 6 4 8 8 4 7 7 1 9 3 6 0 0 1 1 1 1 
0 0 3 5 8 7 3 0 9 7 1 9 3 1 8 6 0 4 3 4 7 4 5 3 1 3 1 6 8 1 4 4 1 2 2 7 1 3 5 9 9 9 2 6 6 8 8 8 9 0 7 7 9 9 4 5 6 2 0 2 6 7 8 9 1 4 3 3 8 2 6 1 0 5 8 1 3 4 7 5 6 3 3 0 5 5 1 4 6 2 4 4 9 3 5 3 1 9 5 1 
3 5 4 5 2 2 6 6 5 6 8 5 7 8 6 0 1 2 1 1 0 3 5 8 5 7 4 6 5 0 9 2 2 6 1 9 2 6 9 8 3 6 7 5 6 4 7 3 0 4 5 3 6 9 1 3 6 9 3 3 2 4 9 7 8 0 0 4 7 8 4 2 4 3 3 2 3 9 0 4 3 7 8 4 0 7 8 9 5 6 5 2 4 9 5 4 5 1 7 6 
3 3 4 9 5 4 9 7 7 7 9 2 7 8 2 7 4 4 3 4 1 5 3 5 7 3 9 8 4 0 8 5 8 1 1 5 9 1 7 0 0 7 4 5 6 4 7 6 1 1 3 4 4 5 0 3 9 0 0 6 9 2 7 9 7 3 2 4 2 5 3 5 2 1 4 5 3 2 8 0 2 8 3 5 3 6 3 5 9 0 8 0 8 2 4 4 4 6 8 4 
0 5 3 5 6 8 6 7 7 6 3 6 8 3 9 3 2 4 5 7 6 6 7 4 7 5 6 8 9 4 9 1 6 6 1 9 0 5 3 7 8 8 8 5 8 2 4 0 2 6 1 1 2 7 4 8 3 0 1 3 5 8 2 5 3 4 9 9 7 1 6 1 0 8 4 4 3 1 9 4 2 1 0 1 2 1 5 9 1 3 6 3 9 4 3 9 1 0 5 5 
7 0 8 9 5 2 0 7 2 8 5 6 1 6 8 1 3 7 6 0 0 7 7 9 6 8 9 1 5 4 6 1 3 9 4 3 8 6 8 6 6 2 9 9 4 9 4 0 8 0 5 7 3 8 3 1 8 9 2 1 8 7 5 7 6 1 6 6 8 8 9 9 6 7 9 3 2 0 5 0 1 9 3 7 6 4 0 8 9 2 0 5 3 3 9 6 4 1 7 2 
8 5 8 0 5 9 9 6 8 7 5 9 7 1 7 6 6 0 2 3 2 1 2 3 0 7 5 0 6 3 4 2 7 7 5 7 5 8 9 9 7 2 7 1 1 9 9 9 1 8 5 7 5 3 2 0 0 9 7 6 7 2 1 2 0 3 5 4 4 0 1 9 2 0 0 5 1 8 6 3 7 2 3 8 8 6 0 9 1 3 1 8 9 4 3 7 5 1 1 9 
8 2 4 3 0 4 7 7 2 4 6 6 4 8 3 4 8 6 1 8 7 4 0 5 1 6 4 7 8 1 4 7 7 5 9 5 8 9 5 4 4 1 4 9 5 9 5 9 1 9 6 8 9 1 1 3 4 1 0 6 4 1 1 7 9 8 6 9 9 9 1 0 4 1 2 1 5 1 8 2 7 3 6 9 8 8 3 8 5 8 3 7 2 2 4 0 5 7 4 4 
5 7 3 8 1 5 2 0 1 7 6 7 6 9 4 4 9 8 9 3 4 5 1 4 3 5 0 2 5 9 8 8 8 8 5 4 9 6 5 4 9 2 3 5 3 6 9 5 7 9 5 3 4 8 5 6 2 5 8 0 3 6 1 6 2 4 4 2 3 6 4 0 3 2 3 6 1 9 5 2 7 3 8 0 3 5 8 8 8 5 6 3 8 6 9 5 2 1 4 7 
1 7 7 7 1 3 1 7 2 3 9 8 8 0 7 5 2 5 8 7 4 4 1 7 8 4 1 3 4 4 2 0 7 3 0 0 5 4 4 6 6 2 6 6 4 9 6 9 7 6 7 6 6 6 6 9 6 8 3 9 0 5 8 8 7 2 3 4 7 5 1 0 9 6 5 0 8 8 4 3 0 8 2 5 7 1 4 4 2 2 8 3 4 6 2 9 9 7 1 1 
7 7 1 2 2 5 9 6 9 4 8 1 0 8 3 8 9 5 2 4 2 4 0 9 9 8 8 7 9 1 6 5 2 8 4 6 0 0 0 6 6 7 6 0 8 7 6 9 6 9 6 2 8 4 7 3 5 8 6 1 1 1 0 7 0 9 2 5 3 2 7 7 4 2 6 0 6 9 6 0 6 2 3 4 4 6 0 0 4 7 7 6 9 5 9 9 9 3 7 8 
2 2 2 5 8 1 6 6 4 8 9 7 5 7 8 1 4 3 6 5 0 8 4 4 6 5 2 0 9 9 0 0 9 2 6 7 7 6 8 3 9 4 9 6 5 8 9 7 4 0 6 8 7 3 2 9 7 1 4 0 2 0 8 0 4 2 6 6 9 8 2 8 7 1 8 3 9 8 4 0 6 8 1 0 4 8 3 1 0 8 4 3 0 4 0 1 0 1 3 2 
1 8 0 5 4 2 1 8 0 9 5 0 5 1 3 5 1 4 7 7 7 1 2 6 8 9 5 3 7 5 1 7 3 8 2 3 5 1 1 9 4 6 7 5 1 0 5 8 9 9 8 4 5 3 2 0 5 4 1 0 8 6 4 7 1 5 3 4 2 9 5 3 1 6 9 6 1 4 8 8 4 8 6 3 0 2 5 3 8 3 4 2 0 1 3 2 9 0 9 7 
5 9 9 2 9 2 2 6 8 1 4 3 4 6 6 7 4 4 4 7 9 8 5 4 6 1 0 0 8 0 3 7 1 9 3 1 1 1 9 6 1 8 7 9 4 0 2 7 4 0 2 1 1 9 8 6 3 7 4 1 2 8 5 5 5 7 2 3 4 8 8 5 0 5 4 0 2 9 2 3 4 6 2 3 4 7 3 9 8 0 6 3 0 6 0 5 4 6 3 2 
3 4 3 4 6 0 4 5 2 3 6 8 7 6 0 0 0 0 0 9 2 7 8 6 2 2 7 4 8 5 2 7 9 6 9 0 2 0 1 6 5 4 2 5 2 3 2 2 7 0 8 9 0 5 4 8 4 4 5 9 3 8 6 2 6 8 3 3 6 9 1 0 3 9 4 0 4 8 7 5 4 6 0 5 7 9 6 9 4 6 9 6 1 0 1 4 3 7 7 5 
5 3 0 7 8 0 9 1 0 4 5 8 0 6 1 1 1 5 0 0 2 2 5 9 7 8 8 6 8 6 1 5 7 0 2 2 6 0 3 8 4 8 5 6 7 8 9 1 3 7 7 5 0 4 8 4 0 7 3 2 9 2 2 5 9 9 7 1 1 0 7 1 6 1 6 3 1 7 3 0 9 0 6 5 4 3 8 2 8 4 9 1 6 5 9 9 4 6 9 7 
9 3 0 3 8 6 8 7 5 3 2 7 3 3 2 6 4 1 7 7 8 7 4 6 5 1 8 0 0 8 8 3 3 4 7 3 2 2 2 7 0 8 3 9 5 8 0 2 6 3 9 7 9 4 2 4 7 6 1 8 9 8 0 3 9 7 0 5 4 7 6 4 2 2 8 0 4 7 5 6 3 2 6 3 1 1 1 6 1 8 7 5 8 3 1 3 3 2 8 8 
4 0 3 6 1 3 0 5 6 3 2 5 9 4 9 2 9 3 3 0 7 7 9 6 6 0 9 2 9 7 6 0 0 9 1 5 5 7 7 5 9 3 3 5 9 2 2 7 1 5 1 8 2 4 4 9 5 3 7 7 6 0 2 5 9 0 9 8 3 1 6 9 2 6 8 4 4 9 2 9 1 5 9 5 4 5 5 4 4 9 2 5 6 3 1 1 7 4 3 1 
1 5 8 7 8 9 8 7 5 5 4 9 0 9 2 1 2 6 6 0 1 8 4 5 2 4 0 7 1 8 9 9 9 6 0 9 0 2 3 0 5 8 2 5 5 0 4 7 2 9 3 6 7 5 9 4 3 8 6 1 6 9 4 6 8 0 0 7 1 9 2 0 5 7 4 3 1 0 1 5 0 1 5 5 3 3 9 3 1 4 8 7 5 7 3 1 1 1 2 4 
5 6 9 7 5 6 2 0 5 8 8 4 0 1 9 1 8 3 4 2 9 8 8 2 3 3 2 6 9 5 9 9 0 6 8 2 0 3 5 5 3 8 1 2 4 6 5 1 1 0 6 5 9 1 2 2 9 1 7 6 6 3 0 9 9 6 3 9 4 5 6 2 7 2 6 3 5 3 5 1 6 3 7 5 8 8 7 0 4 7 9 4 2 7 6 5 1 4 4 1 
6 0 9 4 5 6 0 8 5 7 7 7 2 2 8 4 3 6 4 3 8 3 1 7 3 9 7 5 2 9 9 8 8 4 3 1 3 2 0 8 3 2 4 1 1 6 7 1 5 4 2 3 1 7 4 3 0 9 5 1 5 4 3 1 4 4 0 0 6 9 1 8 2 8 5 3 7 1 2 5 1 4 6 7 2 4 3 3 4 0 9 2 4 3 7 8 3 4 3 5 
1 1 2 9 7 1 9 3 7 2 4 1 3 4 7 2 6 7 0 2 1 1 2 3 6 3 3 3 9 2 9 0 4 1 5 7 5 8 7 2 0 4 1 3 0 4 4 6 9 8 2 6 3 8 0 7 0 4 3 9 5 2 9 7 6 4 6 7 1 9 7 7 9 0 9 0 8 6 4 4 1 9 0 8 3 3 1 2 1 0 7 4 2 1 5 3 7 8 9 7 
6 2 1 7 3 2 2 4 0 1 2 5 2 2 4 0 8 2 5 5 7 0 2 6 8 9 7 8 9 6 0 1 0 1 8 3 1 2 8 7 2 8 8 5 2 7 5 0 0 6 9 5 2 8 4 7 9 7 2 0 1 2 1 2 4 5 4 0 4 4 6 4 1 5 3 9 0 7 2 5 9 9 8 3 3 5 7 9 9 9 5 1 4 8 1 5 2 5 1 6 
8 6 8 9 4 2 9 0 3 3 3 8 9 2 3 2 2 0 2 3 0 0 4 6 6 8 5 7 5 0 5 5 8 4 7 0 8 6 1 6 4 3 5 5 1 9 3 6 0 9 3 5 3 4 4 1 9 7 6 4 9 3 7 1 0 3 2 5 5 4 2 0 8 0 5 2 8 4 0 5 4 2 0 1 2 0 2 8 6 8 4 1 7 9 3 7 4 1 8 8 
3 6 3 7 2 6 5 5 7 3 2 0 4 5 6 6 1 2 6 5 4 2 0 8 6 4 7 9 5 2 9 1 6 4 1 6 3 9 5 9 1 3 3 0 3 9 8 4 5 0 4 6 7 2 9 9 2 4 1 1 5 9 7 2 4 8 2 0 4 7 6 4 0 7 7 6 5 3 7 3 0 2 3 9 2 0 0 7 0 5 9 8 1 9 5 6 5 5 9 2 
4 3 9 6 6 7 4 8 4 2 7 6 7 1 4 3 4 6 7 4 3 2 7 1 4 2 5 7 6 7 2 9 5 3 7 3 0 2 5 7 7 4 4 1 2 7 8 6 0 4 7 4 7 2 1 8 4 9 2 1 7 9 9 9 4 6 6 9 3 9 2 9 6 8 2 6 6 2 6 4 8 7 8 7 9 7 2 3 6 8 3 6 8 6 2 3 8 5 4 7 
8 7 3 4 5 7 3 5 1 5 9 9 0 9 5 2 7 9 1 4 6 6 5 0 2 8 5 9 2 9 2 7 2 0 3 6 7 1 5 6 2 2 0 4 1 7 9 4 8 5 3 4 0 2 3 1 3 9 9 2 5 3 3 9 7 0 4 2 3 9 3 6 6 1 2 4 6 7 8 3 7 5 4 8 1 3 4 8 4 2 9 6 8 3 4 3 9 2 0 2 
2 3 8 9 1 3 7 7 9 6 1 6 0 7 4 7 4 3 4 9 4 9 2 5 2 9 6 1 2 8 8 7 5 0 3 6 5 2 2 5 6 2 9 1 1 8 2 9 9 4 6 7 2 8 6 9 8 6 6 9 6 6 4 6 1 8 9 1 7 3 7 6 5 2 7 2 3 0 6 1 7 7 1 9 2 0 5 9 6 5 4 1 5 4 1 1 0 4 5 4 
7 8 8 2 6 9 3 7 4 5 6 6 3 4 1 5 9 9 9 3 7 4 1 3 9 8 5 2 8 4 7 5 4 6 3 4 2 5 4 3 4 0 8 4 0 3 7 6 2 8 4 6 0 7 8 6 6 0 6 5 7 9 3 5 0 6 7 1 9 0 7 1 7 2 6 5 0 2 2 1 8 6 6 1 2 9 9 8 4 6 3 8 9 8 2 6 0 9 6 5 
9 5 2 5 6 9 8 4 1 6 5 0 3 0 8 0 4 7 5 3 3 2 1 9 8 9 7 8 2 3 0 6 5 8 1 4 3 2 9 6 8 7 4 2 4 8 8 1 1 7 9 2 5 8 3 1 5 7 5 0 2 0 0 1 3 2 0 6 1 6 5 4 6 0 0 0 2 9 7 7 6 2 2 1 2 4 1 4 5 8 4 4 3 8 7 6 5 0 7 1 
9 1 6 7 2 2 1 6 2 1 0 4 6 0 9 6 3 2 8 6 5 6 6 0 9 4 8 3 4 0 5 0 7 2 4 3 3 3 7 8 5 5 0 5 0 0 2 9 3 9 7 8 5 0 2 1 2 0 2 2 7 0 9 8 1 0 8 5 9 2 8 1 2 4 4 4 9 6 5 4 8 0 0 4 1 9 7 7 7 0 7 9 4 5 4 5 6 9 3 8 
3 8 5 1 9 3 0 0 3 5 6 1 9 7 5 0 3 7 2 1 0 9 7 8 5 7 4 6 1 0 5 5 0 2 3 6 8 8 9 7 7 2 9 6 1 0 3 1 5 9 3 8 0 5 5 5 5 0 4 1 2 6 7 4 1 1 0 6 3 2 2 4 0 2 5 6 0 8 5 1 7 9 6 2 1 7 3 0 7 1 7 7 2 0 5 8 2 5 0 2 
9 8 7 7 5 1 1 3 4 2 9 5 2 4 0 9 4 2 0 4 1 0 9 5 9 9 9 7 7 2 8 4 6 6 7 9 9 7 7 7 9 7 0 6 8 2 4 2 3 6 6 5 7 3 6 7 0 4 8 3 0 7 6 4 0 1 5 8 2 0 5 1 0 8 5 6 8 5 3 0 1 9 1 3 5 6 9 9 0 0 2 7 6 5 1 8 8 9 0 7 
3 5 4 5 9 1 5 2 6 4 0 6 7 4 7 7 5 8 6 2 2 6 9 1 7 5 7 3 8 1 3 8 5 7 8 3 5 6 6 4 0 2 0 6 7 6 7 9 5 3 5 6 3 3 2 9 2 9 6 6 6 6 7 7 6 3 4 7 6 2 1 5 8 5 2 7 9 8 0 5 3 2 5 2 4 4 3 3 2 6 1 5 4 9 2 8 4 3 1 1 
8 8 8 7 2 4 2 9 5 6 0 8 9 3 8 2 6 5 8 4 8 4 5 0 6 4 9 0 8 0 3 0 6 9 5 4 3 8 0 4 9 8 2 9 1 5 1 4 2 4 5 6 4 9 9 8 4 3 5 2 7 7 1 6 3 8 8 5 1 6 2 5 9 1 6 9 7 3 6 2 2 8 8 4 8 1 7 1 8 6 5 7 6 2 9 3 2 4 6 5 
2 7 3 0 2 3 7 1 2 7 8 1 0 9 2 1 3 9 3 7 5 1 0 6 6 9 8 4 5 0 3 7 3 1 2 0 7 5 6 1 5 7 1 7 8 9 3 7 8 1 2 3 6 0 4 0 0 8 5 8 5 1 1 8 5 0 4 8 0 1 6 2 5 8 0 5 8 3 7 1 8 8 1 9 5 4 1 1 1 3 2 9 4 9 9 6 3 5 5 5 

B =
6 8 7 9 9 6 3 6 5 8 8 2 8 7 9 5 8 3 7 8 7 2 7 7 6 8 8 6 9 8 4 9 5 4 6 6 9 6 9 3 4 4 2 4 7 5 6 8 1 3 3 5 2 2 6 6 7 8 7 3 7 1 5 0 8 1 0 4 6 6 7 0 1 5 2 9 9 0 5 9 2 0 2 2 8 4 4 8 6 2 1 3 4 1 9 4 8 0 0 2 
0 9 2 9 0 1 1 0 7 1 6 9 1 3 9 3 6 7 9 8 7 8 1 9 1 0 7 7 4 8 4 7 9 1 7 3 2 1 6 4 5 5 1 3 6 5 5 9 1 4 6 3 0 8 8 2 9 7 2 8 3 8 5 3 3 6 2 2 0 8 3 7 0 4 0 0 8 6 7 3 8 6 2 7 0 1 3 2 9 8 7 3 8 1 7 0 1 6 2 3 
1 4 8 9 2 3 1 5 0 7 4 2 7 6 0 9 4 7 2 6 5 0 0 9 8 4 2 1 4 1 5 6 7 5 5 6 5 0 2 6 6 5 4 5 9 5 7 7 9 0 1 0 2 7 3 3 5 5 3 8 3 2 2 5 3 8 5 1 1 0 5 4 2 4 0 0 5 5 1 7 4 4 6 5 0 2 4 9 5 6 6 9 5 0 6 4 4 8 3 2 
3 8 8 9 5 4 7 7 2 1 8 0 3 3 4 7 6 7 0 5 2 8 8 3 5 0 4 5 5 7 6 2 8 0 8 8 0 4 9 5 8 1 1 0 6 9 2 8 2 5 0 9 2 5 4 7 3 0 9 7 7 9 5 5 1 5 9 6 6 8 0 5 0 9 1 2 2 9 4 6 7 5 7 0 6 8 3 7 5 9 7 8 2 6 8 4 9 5 3 7 
2 0 8 0 6 4 6 1 0 6 6 8 2 1 8 7 1 6 2 7 3 1 9 6 1 3 7 3 8 3 8 3 8 5 4 7 7 2 6 1 0 6 2 6 4 8 3 1 6 3 9 9 7 1 7 8 1 0 7 2 8 9 4 4 1 3 1 9 4 9 1 5 0 2 1 8 0 9 0 8 6 3 3 6 5 9 2 0 8 9 5 3 6 6 1 7 2 3 0 0 
8 9 9 2 0 7 7 5 8 1 4 0 9 8 6 0 0 2 6 3 4 6 3 3 9 3 2 4 7 0 2 6 4 8 7 5 2 1 9 2 4 1 1 6 9 2 2 1 1 7 1 3 3 0 6 9 7 7 9 7 3 5 3 1 9 2 0 7 5 9 9 3 7 8 9 8 4 4 7 9 0 6 4 9 4 2 8 1 9 3 4 1 6 9 6 5 4 7 4 0 
5 9 2 9 4 1 0 4 9 8 8 6 1 8 9 3 5 9 4 7 5 2 5 1 5 2 7 4 3 4 3 9 2 6 2 5 8 9 4 3 8 6 2 8 4 6 0 7 2 5 8 1 2 6 9 3 2 9 9 5 3 5 1 5 4 3 6 9 1 4 1 5 2 5 1 9 2 8 4 2 6 9 2 2 8 3 8 0 1 9 2 9 5 5 3 0 4 0 8 7 
6 4 4 0 9 2 9 0 5 3 1 6 3 0 8 2 5 9 1 7 0 8 2 6 9 4 5 1 5 2 6 5 4 8 9 8 0 2 0 1 1 6 7 6 9 0 5 4 6 2 3 0 5 2 8 5 9 8 6 6 0 4 6 1 3 2 3 4 9 0 8 3 4 6 7 8 8 8 3 0 5 9 0 8 0 6 8 7 6 2 2 4 4 5 0 5 4 4 1 4 
0 1 8 4 0 3 3 8 6 2 2 8 4 5 0 3 1 9 1 8 1 7 3 8 6 3 5 2 6 3 4 7 3 4 2 8 0 1 7 0 3 0 9 8 3 4 3 6 8 6 9 8 2 1 5 8 9 3 3 3 8 1 3 7 8 9 6 3 9 9 9 2 4 7 9 7 0 5 7 0 9 3 6 8 2 7 1 8 1 2 1 8 0 6 8 7 0 7 7 7 
3 8 9 8 0 7 3 5 0 4 9 0 3 5 3 8 9 0 7 1 4 1 8 0 2 2 1 2 3 1 6 9 6 5 7 1 2 4 5 5 3 7 8 1 4 2 1 4 5 9 4 5 5 6 8 3 9 1 6 1 6 7 5 2 8 8 0 5 4 6 3 3 1 5 9 1 9 1 0 3 7 5 0 1 1 1 9 4 6 7 9 0 0 4 5 1 4 0 0 4 
8 1 1 7 9 1 1 6 7 2 9 5 9 0 0 0 2 7 6 3 1 9 9 9 4 7 0 1 7 9 6 1 1 2 7 6 1 1 2 8 2 9 9 1 6 9 3 2 0 8 7 0 7 5 2 7 7 2 9 6 0 2 6 9 6 3 9 9 6 9 5 6 2 1 9 4 5 4 7 6 0 6 0 7 5 0 7 5 9 6 0 7 9 2 1 0 1 4 7 2 
8 9 8 9 9 9 3 7 1 1 0 9 5 2 9 3 7 0 9 1 4 8 9 2 3 1 7 5 9 9 5 1 2 8 4 2 8 5 6 2 6 7 6 5 3 0 9 1 2 0 1 2 1 3 5 0 6 6 0 2 4 2 5 6 8 8 3 9 0 0 0 5 8 1 8 7 1 6 1 0 9 5 8 5 4 7 6 0 0 6 0 1 2 7 0 9 7 7 9 1 
6 7 8 6 3 0 5 8 3 8 0 4 9 5 7 7 7 3 2 9 9 6 6 8 8 4 1 9 1 0 1 2 8 2 2 0 2 1 9 6 0 0 2 8 6 0 8 6 5 5 6 8 2 4 1 8 4 7 3 9 3 6 4 3 2 7 7 2 5 6 3 5 0 0 2 9 7 1 4 7 1 9 1 1 8 8 2 0 4 8 8 9 2 7 8 7 9 7 1 2 
7 0 3 7 5 6 7 8 0 7 9 6 5 8 7 5 1 2 9 4 2 0 4 5 5 4 1 3 3 2 8 7 8 5 4 7 2 2 8 2 3 1 2 9 3 7 4 2 1 4 6 6 4 9 9 3 0 2 6 6 3 1 4 3 3 8 6 1 0 6 8 6 7 3 5 6 6 5 0 8 4 7 8 1 2 8 8 0 0 0 8 4 4 2 2 8 0 4 1 2 
7 5 0 9 1 7 0 7 2 4 7 5 3 3 5 8 8 7 4 7 5 4 5 7 7 3 8 6 1 7 1 1 3 3 0 1 7 4 8 9 2 9 6 7 2 9 2 4 1 9 7 9 9 2 6 2 6 1 2 1 3 7 2 3 9 1 7 4 0 7 6 1 2 5 9 0 8 4 3 9 7 6 5 3 1 6 6 9 1 7 1 1 1 2 5 1 7 7 0 6 
0 8 1 9 3 3 4 7 5 9 2 5 8 6 0 5 8 4 3 9 6 4 3 9 5 7 4 9 1 4 5 4 4 7 6 0 9 8 8 8 3 3 0 0 5 7 3 5 0 6 2 2 6 4 4 7 4 6 4 1 3 4 2 6 0 1 5 3 9 3 3 4 6 2 5 0 0 2 1 8 4 0 4 0 1 2 5 0 0 6 1 3 4 6 7 8 2 5 4 9 
6 6 7 1 4 6 9 4 4 3 2 9 1 9 1 1 6 3 2 1 9 8 1 0 3 9 3 5 5 4 8 7 9 0 5 1 1 6 4 5 1 1 7 0 7 9 0 9 0 1 4 3 9 4 4 0 4 3 4 5 6 6 8 2 2 6 9 3 2 7 6 8 9 5 5 1 5 4 2 9 4 1 7 5 7 5 3 9 7 9 1 9 5 5 0 2 2 7 0 6 
1 8 9 0 5 2 1 3 0 9 8 5 8 1 9 0 2 9 7 9 6 4 2 9 1 7 3 9 3 8 8 8 6 0 3 6 8 2 7 3 8 0 7 1 7 9 7 9 6 8 7 7 4 3 4 5 5 6 1 7 4 4 8 8 0 4 0 6 8 6 4 8 6 5 9 4 9 6 8 4 4 1 4 7 8 7 0 3 7 0 1 8 7 0 0 5 7 5 2 3 
4 0 6 3 3 4 3 7 5 0 2 6 8 2 1 6 6 2 0 8 7 3 8 2 0 2 8 0 1 6 3 9 8 3 1 9 8 9 8 9 3 4 0 2 7 6 7 8 5 9 6 6 7 1 4 3 5 3 8 8 3 6 8 8 3 9 4 2 1 5 7 4 1 8 1 7 9 8 4 3 3 6 9 4 1 1 9 1 9 0 1 6 7 8 7 7 1 2 2 3 
6 5 0 6 7 8 2 1 3 6 5 1 4 0 7 5 7 1 2 9 9 9 1 8 9 9 9 2 7 3 4 2 0 5 3 7 1 1 2 2 7 3 8 7 2 2 8 9 0 9 2 0 5 1 1 6 9 0 1 9 2 6 0 0 9 1 8 5 4 4 0 1 7 3 2 0 3 7 5 7 2 7 0 6 9 7 0 6 0 4 4 4 9 5 0 3 1 1 5 1 
1 0 0 3 3 6 5 9 0 4 1 5 0 2 6 0 5 9 8 4 9 7 5 8 1 8 5 4 1 7 9 9 0 9 0 6 8 0 9 2 0 3 9 3 5 1 3 3 1 7 7 0 8 0 8 7 6 0 3 8 8 9 0 1 2 6 4 4 6 5 1 0 4 1 3 3 9 4 1 8 9 5 7 6 2 4 1 2 6 2 6 0 6 1 3 1 2 0 9 9 
9 2 8 0 8 4 0 3 5 7 5 9 0 6 7 2 2 2 6 8 9 8 0 5 9 6 6 3 6 5 9 8 8 5 9 1 6 9 4 0 8 4 7 8 9 0 5 5 2 7 3 5 5 2 8 2 4 1 4 8 9 8 5 8 9 0 1 6 8 6 4 6 3 1 2 3 6 0 1 4 2 3 5 9 0 1 6 0 4 6 4 8 6 4 1 4 0 0 8 2 
9 3 1 1 1 7 2 7 4 4 9 5 7 7 7 9 4 1 6 2 5 2 5 4 6 1 0 3 3 9 3 6 6 7 0 0 3 3 7 4 4 9 3 5 4 2 9 7 0 1 6 5 7 3 1 8 5 3 5 8 7 4 6 7 2 1 7 1 1 8 3 8 5 1 8 9 3 8 0 4 9 6 3 3 1 8 7 3 4 7 9 1 4 6 5 6 3 7 7 8 
5 1 2 6 0 6 0 4 5 2 3 9 1 2 2 2 9 8 8 8 6 1 7 6 4 7 0 1 5 9 0 1 1 7 0 5 6 4 8 7 7 3 6 2 5 7 1 9 7 6 4 1 3 5 5 0 4 3 6 5 4 1 2 3 1 6 0 0 8 7 5 8 8 3 1 5 6 1 8 2 9 4 8 0 1 7 7 9 7 4 4 0 2 2 2 5 5 2 3 4 
3 0 4 8 8 6 5 4 9 8 8 6 7 2 4 1 6 8 6 8 3 9 2 9 7 8 9 2 5 9 4 0 9 4 3 3 4 7 0 7 0 2 6 4 4 1 6 0 0 2 2 2 4 5 3 5 7 6 2 1 6 5 1 7 0 2 8 0 0 3 4 8 1 3 6 9 8 4 8 5 2 7 9 4 9 9 0 9 6 6 2 7 7 2 7 6 3 5 5 3 
8 5 7 2 0 0 5 8 4 3 9 2 7 6 8 2 1 2 0 4 9 5 4 4 2 3 9 0 2 7 4 1 6 8 2 8 4 8 6 6 9 6 0 6 5 4 5 4 3 1 2 6 3 4 8 8 5 2 2 8 5 2 5 4 8 4 4 5 8 7 9 2 5 6 3 9 1 4 1 8 4 9 2 4 0 9 9 4 8 7 4 9 0 7 6 9 3 2 3 6 
2 0 3 2 2 6 6 5 4 5 9 3 6 2 9 3 1 9 2 1 9 7 2 5 8 9 1 1 9 9 3 5 8 0 7 1 3 5 8 8 8 6 7 0 6 6 5 4 5 6 5 3 2 4 7 2 1 7 4 2 5 5 7 3 1 8 5 7 1 7 2 9 6 5 7 9 4 3 5 8 0 5 2 4 5 0 4 2 7 7 2 6 7 5 5 1 1 5 1 8 
9 4 4 5 4 3 9 6 0 4 3 8 4 2 5 5 8 4 6 8 5 7 6 1 8 4 2 2 2 1 9 1 0 5 8 2 7 9 5 4 0 8 9 5 7 9 3 7 7 9 5 0 7 5 7 8 2 2 2 7 2 5 6 3 2 9 4 3 5 9 5 2 4 4 9 6 1 4 9 6 2 1 5 9 1 3 9 5 7 3 9 7 3 3 4 9 1 8 9 3 
9 2 0 2 1 2 2 9 8 9 1 6 7 1 6 9 5 5 4 1 6 7 1 0 3 8 7 0 0 1 2 5 4 3 7 8 7 8 9 2 1 0 1 2 0 2 1 5 6 5 5 1 5 0 9 2 8 4 1 4 9 6 7 5 0 7 0 3 7 3 9 5 3 9 6 4 4 8 7 7 7 6 2 5 6 1 1 0 0 5 7 8 1 6 9 1 3 5 4 7 
1 5 5 6 1 0 8 2 9 8 7 0 0 7 3 8 4 2 0 1 5 7 1 6 6 0 5 5 7 9 4 5 3 5 9 9 6 3 6 8 1 2 9 8 7 6 6 5 9 1 1 3 6 4 5 1 4 7 3 0 6 1 4 5 0 0 3 2 7 5 6 1 9 4 1 5 5 0 5 0 8 7 4 8 0 0 1 9 5 3 0 5 2 3 1 7 1 4 3 6 
3 9 5 8 6 8 6 9 1 6 1 3 0 7 4 8 5 4 1 4 1 6 4 9 6 9 1 4 4 7 6 5 9 7 7 7 5 9 9 4 9 6 9 4 4 4 8 9 0 2 4 7 3 2 1 0 6 7 7 7 1 0 0 5 5 2 5 9 8 5 1 8 5 2 3 5 9 5 2 4 4 2 5 1 5 4 3 2 3 3 9 5 0 6 1 3 0 8 5 0 
4 2 4 3 7 2 8 4 0 1 2 6 0 8 9 7 3 6 7 6 6 5 4 1 6 2 6 3 4 2 2 5 4 6 9 2 2 7 3 0 6 5 7 7 5 7 3 7 6 4 9 1 2 4 9 9 4 1 1 8 6 2 2 5 4 9 2 3 1 1 4 2 1 5 0 1 3 4 4 8 5 7 7 0 0 3 0 7 7 3 0 5 1 6 0 8 7 8 1 8 
0 6 9 9 2 2 6 9 3 2 3 2 3 8 9 5 8 6 3 5 6 8 3 8 1 5 2 4 5 2 5 5 2 4 0 1 1 1 5 5 4 9 2 2 1 4 4 4 3 4 8 4 1 3 7 5 2 9 3 2 2 3 2 5 5 3 1 1 8 0 8 1 6 5 0 6 5 2 3 5 0 1 3 4 2 6 8 0 1 6 5 0 4 2 0 3 2 9 4 5 
8 3 4 3 4 2 1 4 6 4 2 5 0 9 1 2 9 1 5 7 7 0 3 2 4 5 6 1 3 0 6 0 4 7 6 7 6 7 1 8 2 8 3 8 9 8 3 7 8 5 2 1 0 0 1 3 5 4 5 4 4 8 8 0 6 8 7 5 6 6 5 0 7 3 8 7 5 4 3 5 0 1 9 4 2 6 7 0 6 7 9 2 5 2 6 4 0 7 5 9 
3 3 0 1 1 1 0 2 3 6 2 0 8 2 7 8 0 5 8 0 5 0 9 2 3 3 2 7 2 5 3 0 5 8 8 9 0 7 4 4 1 4 4 3 8 9 7 7 9 9 2 2 2 9 4 1 4 2 2 2 9 6 4 8 9 6 7 4 9 9 4 6 4 8 8 5 3 1 9 7 3 5 9 8 1 8 1 8 3 9 9 3 4 9 1 4 8 6 8 1 
5 2 0 1 7 1 6 1 1 8 0 9 5 5 9 7 5 0 5 1 7 6 2 6 8 4 1 4 5 9 5 2 8 7 4 3 2 3 7 0 1 4 4 2 9 4 1 5 7 1 1 0 0 7 8 1 1 4 4 6 6 7 2 2 4 9 8 1 4 5 3 7 3 0 0 4 9 4 5 3 2 4 2 6 2 6 9 9 8 3 1 8 8 5 7 4 4 1 9 7 
2 0 4 6 2 0 2 6 6 6 8 0 1 9 9 9 9 6 3 6 5 8 3 6 8 4 6 9 3 4 1 7 0 2 3 2 6 0 0 9 6 9 7 3 9 9 7 2 5 9 0 6 0 9 7 9 0 4 0 5 9 3 7 1 7 3 8 2 1 6 5 3 1 0 7 1 8 1 3 7 3 1 3 8 7 1 6 1 9 5 6 0 7 0 6 1 2 1 8 1 
7 2 9 6 9 7 3 6 5 3 6 5 9 7 5 4 5 0 8 2 6 4 9 1 6 8 9 8 8 7 2 2 5 4 2 8 8 0 2 2 3 8 5 4 9 9 2 5 5 3 7 4 0 0 8 4 7 1 1 9 5 6 3 1 6 4 8 9 3 3 8 2 6 6 5 4 4 0 2 4 0 9 7 4 1 7 3 4 4 0 2 2 2 3 3 8 9 0 4 4 
1 0 7 4 1 4 5 9 7 1 1 3 1 8 4 0 9 0 4 2 9 1 6 7 0 9 1 6 8 6 6 4 3 6 2 2 7 4 9 8 5 7 2 5 2 9 5 4 5 5 1 4 5 7 7 1 6 5 3 1 0 6 7 0 4 2 0 5 7 3 8 4 6 4 7 0 6 2 1 9 9 8 0 6 7 3 0 3 8 4 1 7 8 2 1 0 0 3 3 9 
2 1 8 2 1 6 5 2 9 5 3 3 7 7 1 9 2 1 7 2 7 8 4 6 7 7 6 6 3 0 2 2 1 0 1 9 1 5 4 8 0 2 1 8 9 7 6 1 4 5 2 4 2 6 9 1 2 6 2 4 3 4 2 0 7 1 4 6 6 0 4 0 4 6 1 3 4 7 9 9 7 2 5 5 6 9 2 4 9 7 8 9 1 3 0 3 2 6 0 2 
4 6 7 6 6 5 3 4 2 0 7 0 1 2 2 7 8 4 8 3 3 9 3 9 5 9 9 5 9 7 4 8 0 0 3 1 8 6 1 2 1 8 3 9 2 0 2 1 3 9 1 4 3 6 4 4 8 3 5 8 9 1 7 9 5 4 6 1 5 4 4 8 3 3 6 4 4 8 2 7 1 9 1 0 7 8 8 4 0 5 5 2 8 8 6 8 5 4 5 3 
0 0 0 3 6 1 9 6 2 1 5 5 6 6 3 4 1 1 9 3 0 5 5 7 3 0 3 9 3 1 9 1 4 7 2 1 4 4 5 6 5 3 1 6 9 7 3 0 1 6 4 3 2 5 9 0 2 0 1 0 1 7 3 2 8 9 4 0 3 7 9 9 3 5 1 8 0 4 0 7 8 2 5 5 7 1 0 6 7 1 8 6 7 3 3 5 5 2 0 2 
7 4 3 4 7 8 8 3 6 8 1 0 1 4 2 6 5 6 8 9 0 1 0 5 3 9 9 1 1 3 5 8 3 1 0 6 2 7 6 2 2 2 3 9 4 8 7 4 3 8 3 6 7 7 3 3 7 1 1 8 2 9 4 7 2 3 5 1 7 0 4 2 7 2 5 8 9 0 6 8 4 4 8 7 1 7 6 4 7 4 8 9 3 5 7 7 1 7 8 2 
1 2 7 7 3 8 9 8 5 9 1 4 6 0 2 0 6 3 1 3 8 9 7 0 7 8 4 1 8 2 3 0 4 3 8 3 8 2 0 8 6 2 5 9 5 0 3 4 0 7 7 2 5 1 6 9 2 7 4 2 4 7 3 1 6 4 3 3 7 7 5 8 9 7 7 6 3 4 7 6 0 3 7 3 9 6 4 6 7 8 7 9 1 7 7 7 5 1 6 2 
6 5 4 2 9 2 1 4 0 2 5 4 2 6 7 5 9 8 7 8 1 5 2 9 4 8 9 4 0 9 9 4 1 6 6 1 6 4 7 2 5 8 4 9 9 3 1 2 9 7 3 6 1 5 3 2 0 0 1 1 4 6 7 4 8 5 8 4 4 2 8 2 7 9 8 0 7 2 9 1 4 7 4 2 2 8 5 4 3 2 3 5 2 7 9 5 8 3 4 0 
8 6 7 2 8 3 6 6 0 1 0 4 0 4 3 3 4 0 4 1 2 0 7 4 0 2 7 0 5 5 6 1 3 5 0 1 6 6 0 2 3 4 5 8 6 1 9 7 7 9 0 9 3 4 1 8 0 1 1 4 6 4 4 2 3 7 7 3 4 5 6 1 0 4 0 7 0 9 6 7 5 1 3 5 8 9 4 4 1 3 9 4 1 0 7 2 4 3 6 2 
7 1 6 1 8 2 0 8 3 6 4 5 4 5 1 5 4 8 2 2 6 7 4 5 8 1 4 9 2 2 2 7 4 8 9 0 3 6 8 1 6 1 2 1 6 7 0 0 6 6 2 3 1 7 7 3 8 6 1 2 4 6 1 4 3 9 1 5 0 6 1 1 3 1 8 4 0 5 9 6 8 7 6 9 8 5 0 4 6 0 2 4 6 4 7 9 5 8 4 7 
1 1 1 9 0 4 0 6 7 8 9 3 1 6 2 1 8 5 6 5 3 5 3 5 5 0 5 6 2 6 4 8 3 8 8 5 5 1 5 1 6 0 9 8 1 4 8 8 7 6 9 7 8 1 4 3 6 2 9 9 6 3 2 4 8 7 9 4 8 5 9 5 2 1 4 2 0 8 2 2 4 9 7 1 9 2 2 1 4 1 0 0 8 0 1 3 4 8 8 1 
2 3 5 6 8 2 9 3 6 4 0 5 0 8 3 1 5 5 2 1 2 4 6 5 2 2 8 1 4 9 5 1 8 0 0 2 5 1 0 4 7 6 7 5 5 1 2 5 5 1 4 0 7 2 6 2 0 8 5 1 2 8 1 4 2 3 3 2 1 5 5 9 2 0 3 6 0 9 9 4 5 9 3 2 6 0 9 4 6 1 6 5 7 5 3 3 6 1 3 6 
3 2 9 6 7 8 4 9 4 2 2 0 1 7 6 1 2 3 1 9 9 2 7 8 4 2 9 3 8 8 3 9 2 5 9 5 6 3 8 8 5 1 9 0 5 2 0 4 4 3 5 0 4 3 1 1 9 6 4 9 7 8 9 4 8 1 9 2 1 0 9 9 3 7 8 0 2 9 0 7 7 2 5 0 0 8 3 0 2 0 1 9 8 8 7 7 9 3 6 5 
5 1 0 9 1 8 5 3 4 7 3 4 8 8 5 0 6 9 7 0 9 3 7 2 1 6 3 4 5 8 4 5 0 0 4 3 2 8 7 3 7 4 6 3 8 1 4 1 2 9 0 9 5 7 2 2 1 8 6 3 3 8 8 1 5 5 3 6 9 0 2 3 9 2 0 5 5 2 2 5 3 5 9 2 4 3 7 6 4 3 9 2 6 5 9 3 1 4 0 3 
8 9 8 6 4 9 9 5 7 2 2 8 3 4 2 3 1 8 0 7 1 5 2 2 1 1 8 2 0 5 7 5 3 7 9 7 7 1 6 4 3 9 7 0 4 2 5 3 5 4 1 0 9 9 2 8 7 5 3 0 8 9 8 5 5 6 0 4 7 4 9 1 4 0 4 0 9 6 4 4 8 7 8 9 6 4 1 6 9 1 3 4 0 4 6 2 7 9 0 6 
8 8 5 2 4 2 2 0 4 5 1 1 8 2 9 3 2 1 2 3 6 8 6 1 8 2 8 0 6 7 9 7 3 2 2 9 1 9 9 4 7 2 2 7 4 3 1 2 5 5 9 4 5 2 5 8 3 4 3 3 9 4 2 3 3 4 5 7 8 3 4 6 5 1 6 7 2 7 9 4 5 3 3 8 4 1 7 2 2 7 7 7 5 2 4 5 1 4 3 2 
4 4 7 1 0 2 4 3 4 6 0 2 7 5 7 0 6 3 3 7 1 4 9 5 3 3 9 4 6 9 0 1 6 5 2 3 3 7 1 2 0 6 6 3 9 5 9 9 2 0 5 9 5 5 3 1 3 7 3 6 3 9 8 8 0 2 4 9 1 4 3 3 4 7 9 5 9 9 4 8 2 2 1 2 5 1 2 2 2 1 4 4 4 3 1 4 9 4 6 7 
1 7 1 5 1 1 1 8 8 3 6 3 0 9 0 6 8 1 8 5 2 3 9 4 3 0 8 8 1 8 3 5 9 4 5 1 7 5 4 6 7 8 3 5 7 9 0 0 6 7 9 3 4 0 7 6 3 0 7 7 0 3 3 2 0 7 1 9 5 8 6 1 4 3 0 0 3 8 2 7 8 5 0 9 0 2 0 7 8 0 8 8 5 3 6 0 8 4 5 5 
1 1 2 5 5 9 7 8 1 7 4 1 8 6 8 2 6 9 7 8 3 9 2 5 9 0 4 2 5 2 1 7 2 8 8 9 7 7 2 5 8 7 8 3 6 2 7 6 4 7 7 9 7 2 5 0 0 5 6 5 7 7 6 7 6 4 1 0 6 4 4 0 2 3 7 5 4 7 7 8 5 2 6 7 5 6 0 4 6 2 8 8 8 4 7 8 0 8 3 6 
3 3 4 4 6 5 7 4 2 4 3 4 9 9 6 8 4 7 9 8 2 0 0 5 5 2 5 8 0 0 1 6 9 2 4 9 4 7 4 7 6 1 4 0 1 6 8 2 3 9 0 1 8 4 1 6 6 8 5 9 7 5 5 6 0 9 1 2 0 4 1 7 0 1 5 3 3 0 7 0 3 7 5 9 2 1 0 0 7 6 9 5 6 7 8 8 7 0 6 3 
8 8 4 9 1 0 1 6 8 7 0 9 4 6 0 3 9 1 8 0 3 0 8 1 9 1 1 2 3 2 5 7 3 6 5 8 4 9 1 7 5 6 2 0 7 0 8 1 8 3 0 3 9 2 3 3 8 3 5 8 4 2 1 9 0 2 5 3 1 0 1 5 2 4 6 4 1 7 0 8 0 3 3 0 0 2 0 6 3 1 5 8 2 6 3 9 6 8 4 6 
1 6 1 9 5 7 6 0 7 3 8 4 6 6 9 7 6 3 0 2 2 2 4 4 7 3 4 1 9 4 5 4 9 1 4 6 4 4 1 3 7 8 8 0 3 0 2 4 6 1 1 7 1 7 1 6 5 7 8 1 0 4 8 2 0 5 6 7 0 4 3 5 1 9 5 0 2 5 6 7 7 2 4 1 2 0 7 7 7 5 1 1 6 0 8 7 3 5 4 8 
2 3 0 8 5 8 5 3 1 7 4 0 3 3 0 3 0 1 7 8 3 3 5 1 1 5 0 5 4 4 4 1 7 5 4 9 9 1 4 2 3 0 4 0 6 5 7 9 7 3 5 9 0 0 1 2 7 1 4 4 5 2 1 0 5 6 7 4 5 4 1 5 5 8 4 0 0 1 9 8 0 4 3 2 6 6 7 5 9 5 3 0 9 5 8 2 9 8 8 6 
3 0 4 4 3 1 8 8 6 3 3 6 0 3 4 7 9 2 8 9 4 5 4 9 8 9 1 9 4 3 5 2 8 9 5 1 6 3 7 0 9 8 0 0 2 6 7 0 5 9 2 0 8 7 5 0 3 1 4 2 1 6 6 9 9 7 9 8 6 7 3 5 9 5 2 9 9 9 7 6 5 9 4 9 3 7 1 2 9 8 0 8 5 0 3 6 7 3 3 4 
1 7 2 0 5 2 8 8 4 5 4 7 6 7 3 9 1 7 5 7 1 0 3 4 6 7 9 9 0 5 1 4 3 7 5 3 2 5 0 9 3 4 2 6 7 0 1 5 0 8 1 7 3 5 4 2 9 7 6 1 6 2 7 9 5 9 7 1 5 0 4 0 2 6 9 0 6 1 5 7 8 2 4 1 9 4 5 1 3 6 2 4 9 4 4 8 5 7 5 9 
9 2 8 5 8 1 4 3 6 5 8 8 1 5 6 1 9 7 7 2 8 8 9 8 5 8 2 4 9 2 1 4 9 8 2 1 1 7 9 3 9 1 3 0 1 4 6 7 4 5 2 0 4 8 1 9 0 4 5 3 1 6 6 5 0 7 7 0 9 0 8 0 5 6 0 9 7 0 2 7 5 0 7 6 6 8 4 6 2 8 5 8 6 5 2 4 0 2 8 8 
1 1 3 7 7 5 7 9 5 4 1 3 5 4 6 2 5 8 6 0 2 6 8 3 6 3 9 6 4 2 8 6 4 4 9 3 7 1 5 6 9 1 9 0 7 0 9 8 8 1 6 3 3 5 7 2 4 1 8 8 7 0 9 8 4 9 4 5 6 8 7 6 3 8 8 1 4 6 8 1 2 7 6 1 4 6 0 5 3 5 7 3 2 5 3 9 8 6 5 5 
1 2 0 5 2 9 5 3 5 6 6 4 7 5 9 3 5 2 6 9 7 8 9 9 3 8 5 7 1 3 3 6 0 3 6 4 3 3 4 5 5 0 1 2 7 1 5 4 7 7 0 8 2 8 5 0 7 7 5 6 5 7 8 7 7 7 7 3 6 7 0 3 9 5 2 1 8 4 9 4 2 4 5 1 5 3 4 2 4 3 8 3 2 5 9 7 8 5 2 4 
3 7 5 1 7 2 7 1 1 4 0 5 3 7 6 1 5 4 4 6 8 8 3 4 6 1 8 3 3 1 9 1 1 3 4 9 7 5 7 7 8 0 6 5 0 2 1 6 6 2 3 9 2 9 7 7 4 6 9 3 4 8 3 8 7 9 0 5 1 4 3 4 0 0 9 0 1 2 2 6 8 0 3 6 2 0 8 9 2 7 3 4 1 0 1 2 4 4 5 6 
5 2 9 5 1 1 0 5 7 6 4 0 3 1 5 0 0 4 9 4 7 0 3 7 5 3 3 6 9 7 4 5 4 6 3 2 5 8 3 7 9 6 5 6 1 8 4 8 2 7 7 1 6 1 0 0 6 6 7 5 5 4 4 1 0 5 3 9 6 9 2 0 5 4 0 4 7 6 0 8 6 5 3 1 9 3 9 5 6 5 8 9 8 4 3 4 1 5 9 8 
3 4 2 0 8 1 0 6 8 7 9 1 8 1 1 7 0 2 8 5 4 8 4 8 4 9 8 5 3 8 7 5 1 0 4 6 6 8 5 2 0 6 5 5 0 3 7 8 7 0 5 0 7 3 8 9 3 0 3 3 5 8 1 7 0 7 9 7 0 8 8 8 8 2 2 1 0 1 8 4 9 7 4 3 6 2 1 9 8 9 9 2 7 2 2 0 1 4 4 7 
4 3 3 7 8 6 5 3 5 2 7 7 0 2 7 5 2 3 8 8 2 0 5 3 2 4 0 8 2 0 0 7 7 1 1 8 6 4 7 8 0 0 5 3 7 1 0 8 6 3 2 4 9 4 0 7 2 6 4 8 5 1 7 0 3 2 2 9 0 4 1 7 5 2 7 0 9 5 0 7 1 9 7 8 6 1 5 2 0 7 0 9 0 5 9 4 5 9 8 8 
0 3 4 2 0 1 0 6 3 0 2 8 5 6 8 5 1 1 4 4 5 9 6 9 1 9 2 5 7 4 1 6 7 4 3 0 6 6 9 1 4 1 2 1 7 0 0 7 5 5 4 4 9 4 2 0 9 4 5 1 8 6 8 2 9 8 0 0 0 4 4 0 2 9 3 9 1 3 2 4 6 7 2 7 1 5 2 6 8 7 3 5 1 6 1 5 3 1 3 4 
9 7 8 3 1 7 4 9 7 3 8 6 7 6 3 2 7 7 8 7 7 2 2 5 5 4 4 9 4 5 2 1 5 4 9 5 4 7 1 4 6 5 0 0 7 7 4 7 1 6 4 1 6 9 4 4 2 4 9 7 9 9 0 6 1 9 1 9 1 1 1 7 0 0 7 9 8 2 0 6 5 7 8 1 3 8 8 9 6 0 8 7 4 2 6 0 0 4 0 9 
7 5 0 4 0 2 6 6 0 5 4 4 6 9 4 7 9 1 1 2 7 4 2 4 7 3 8 4 4 2 8 5 8 5 0 4 9 3 3 7 0 8 3 1 3 3 4 3 9 9 5 4 6 6 0 0 1 7 8 1 8 4 0 7 4 7 0 9 6 2 1 7 8 7 1 8 8 4 4 7 0 2 0 1 0 9 2 7 8 8 1 5 6 6 0 6 3 3 2 9 
2 4 5 0 5 0 4 2 7 2 3 9 5 1 9 8 6 5 7 7 9 1 2 6 1 3 4 0 9 2 0 0 6 6 2 2 5 5 1 3 2 7 2 3 1 3 1 5 0 0 1 6 8 8 8 4 9 5 0 6 5 5 9 9 6 4 1 1 2 9 2 0 9 7 7 1 1 4 0 6 4 0 1 9 9 7 0 3 0 1 2 1 2 8 7 4 3 4 9 6 
2 7 3 7 6 8 9 9 0 1 9 6 7 7 7 6 3 5 3 1 5 7 0 3 4 7 6 0 4 8 8 0 4 8 2 6 1 6 1 3 2 9 1 4 0 5 1 4 7 5 9 7 5 7 3 4 1 0 9 5 2 8 9 3 1 9 8 1 3 0 6 4 3 5 8 6 7 2 1 7 1 4 0 1 4 1 7 6 3 6 6 5 0 7 5 7 0 7 0 1 
0 3 7 4 4 3 7 8 4 3 7 1 0 3 3 8 7 0 8 4 1 9 6 9 8 8 6 0 0 1 6 8 2 7 4 7 7 7 4 1 6 9 3 6 4 4 8 2 9 8 3 9 9 7 2 9 7 5 9 4 4 8 8 3 7 3 3 4 9 3 0 9 5 7 7 4 8 9 6 9 1 9 1 8 2 5 5 7 8 3 1 5 3 9 1 8 6 6 0 2 
7 2 9 3 3 3 1 7 5 8 3 0 1 0 1 4 7 3 7 2 9 0 1 6 0 4 7 5 6 7 9 6 9 3 4 8 4 4 0 2 8 8 9 9 1 6 9 0 1 3 2 0 0 1 1 5 4 6 5 4 7 7 0 6 9 2 0 0 6 8 7 0 7 1 7 7 2 9 9 7 2 8 0 2 0 4 2 7 0 6 9 2 9 5 9 0 4 8 4 6 
0 7 4 1 1 2 2 4 8 3 3 6 2 7 2 9 0 2 2 9 9 1 0 2 0 4 5 3 7 3 8 8 9 9 7 5 3 1 1 0 8 5 4 9 3 2 2 6 1 0 8 6 7 9 2 9 8 6 5 0 5 5 0 7 0 3 8 8 5 2 0 4 7 8 3 8 0 2 2 1 4 1 5 0 5 0 9 4 3 6 5 0 0 2 2 5 6 4 7 0 
8 3 3 9 8 1 8 6 4 5 4 2 2 2 0 4 5 5 5 8 8 3 9 3 4 5 7 1 6 9 2 1 4 4 0 0 4 1 5 7 0 0 2 2 3 3 9 8 1 3 7 3 4 5 5 0 3 2 3 1 7 4 5 6 7 5 6 3 2 6 2 1 7 4 7 1 0 9 6 5 9 4 0 0 1 1 6 2 2 0 1 5 3 5 9 5 7 9 2 4 
5 9 7 3 5 2 6 8 9 9 5 5 3 1 8 7 8 2 1 9 9 5 3 5 4 3 0 0 8 3 9 3 2 5 8 2 1 4 4 1 7 9 3 6 9 1 4 4 7 5 7 2 5 2 5 7 0 5 8 1 6 5 9 1 1 2 7 2 1 1 5 1 8 1 5 2 4 2 1 5 9 5 4 4 9 2 3 8 1 6 6 9 5 1 6 7 2 4 2 8 
2 9 5 6 6 2 6 7 5 0 0 6 7 4 9 5 2 8 7 4 4 8 8 4 1 0 9 2 4 5 1 3 1 1 4 8 4 0 8 9 4 1 8 0 4 3 1 6 8 3 2 8 6 0 2 3 1 4 1 1 4 8 6 4 4 4 1 8 6 6 1 9 9 8 1 6 7 9 5 4 1 6 2 2 0 1 9 5 0 8 1 5 8 1 0 2 5 3 2 7 
2 8 8 7 6 3 0 8 0 8 7 2 6 5 0 9 5 2 3 3 1 3 2 2 1 0 9 4 4 1 5 5 1 3 1 5 9 2 2 4 1 5 0 1 6 9 6 9 2 1 8 9 7 4 7 7 1 3 8 1 9 2 6 9 8 7 7 1 5 3 8 7 8 4 0 5 3 5 8 2 7 6 0 2 3 9 7 1 4 0 5 8 7 1 7 9 9 1 9 5 
4 1 0 6 1 4 1 8 4 4 3 9 9 3 9 3 7 3 3 2 0 5 6 9 7 5 5 5 8 0 4 8 8 9 8 4 5 5 8 8 9 5 0 7 4 1 3 8 3 8 6 1 0 8 6 7 8 1 1 4 7 0 7 3 4 7 7 5 1 5 1 4 0 6 2 4 7 2 8 9 7 7 5 0 7 1 9 4 4 4 9 0 8 4 3 6 7 3 2 4 
4 1 3 9 9 9 6 1 7 4 5 7 5 2 7 2 5 4 5 2 3 6 1 3 0 1 3 4 1 8 7 8 1 6 8 4 5 1 8 2 1 6 4 4 1 7 4 6 6 6 2 0 1 6 5 4 9 9 4 9 8 3 3 0 2 8 9 8 6 2 4 7 7 9 9 3 9 2 3 6 2 1 3 4 9 6 4 1 4 6 0 0 3 4 7 6 8 3 8 9 
1 4 5 7 3 6 9 9 4 7 1 4 4 5 7 1 3 4 7 2 4 7 5 7 4 7 2 1 9 7 2 1 2 2 2 0 6 9 7 6 0 0 1 2 8 3 9 6 3 1 6 9 6 2 3 3 0 3 8 5 2 5 0 0 0 0 6 6 5 9 7 2 3 3 6 0 1 2 7 9 1 0 2 5 4 0 4 4 4 0 9 8 7 1 2 8 8 1 2 7 
4 4 2 4 4 0 1 4 2 4 6 5 6 6 8 3 7 1 8 9 0 8 2 5 6 4 8 8 6 4 5 6 5 8 7 0 0 0 5 2 1 6 5 0 5 9 8 5 6 2 8 8 2 2 2 8 5 1 3 5 7 0 7 0 7 1 3 4 7 5 8 0 9 7 8 6 4 1 0 5 5 7 5 1 9 4 2 7 4 4 6 5 5 5 7 8 4 2 1 0 
6 7 4 9 6 1 5 2 2 4 1 0 3 0 2 0 9 5 1 9 7 1 7 3 6 6 6 8 7 9 2 7 5 2 1 6 5 2 9 0 1 6 0 5 4 2 4 3 6 3 4 8 1 2 8 2 4 1 0 7 6 2 0 0 2 9 8 0 2 5 7 8 1 3 7 6 1 2 9 6 7 1 3 9 4 2 0 0 2 0 9 3 0 2 3 4 3 2 9 1 
3 9 5 8 6 8 2 4 9 3 8 9 4 3 1 4 9 5 2 8 1 9 4 9 4 7 0 6 6 0 9 9 9 3 3 2 5 9 7 5 9 7 1 6 5 4 8 4 8 4 3 4 4 2 5 1 9 9 2 7 5 4 5 4 3 8 6 1 0 7 9 9 8 8 0 1 1 6 5 2 5 2 6 6 2 3 2 0 0 6 9 1 3 4 5 3 6 5 8 0 
8 7 3 2 1 9 2 6 5 8 0 9 2 7 2 5 9 6 8 6 0 9 0 3 7 1 9 5 1 2 7 1 1 0 6 9 1 5 8 1 6 4 6 6 6 1 6 5 3 4 4 2 9 4 2 8 5 3 3 4 5 3 5 1 8 9 3 4 4 1 2 1 9 8 6 2 2 0 5 8 4 2 4 4 9 2 5 6 3 0 5 8 4 0 2 9 2 1 5 5 
4 9 9 6 8 4 0 3 3 6 2 2 6 8 6 5 2 8 9 8 9 7 7 7 1 5 2 7 6 9 6 7 6 7 2 8 5 9 8 9 2 7 2 8 6 4 5 9 1 0 8 7 6 4 8 9 4 9 1 2 5 7 2 1 3 6 5 7 0 4 7 9 8 0 4 4 8 0 1 2 7 7 7 9 2 4 4 1 0 5 0 1 9 9 4 8 7 2 7 4 
4 7 8 3 8 3 7 5 5 0 5 7 9 7 9 8 0 2 0 5 7 5 1 7 2 1 9 6 4 4 4 0 9 8 5 5 0 7 4 8 7 7 9 5 2 9 1 2 8 0 2 7 2 8 3 6 7 4 0 8 6 9 4 2 5 8 5 8 8 5 7 6 1 8 9 6 0 4 2 4 3 1 1 7 4 8 7 4 7 7 2 7 9 7 0 1 3 0 1 2 
6 4 3 3 6 9 3 3 2 3 8 0 7 9 2 6 1 6 8 6 2 1 5 6 8 7 1 3 4 7 7 5 5 1 4 0 6 4 5 1 0 7 0 5 4 8 4 3 8 3 4 7 0 1 2 2 7 8 0 0 6 7 5 2 9 4 7 6 1 8 6 0 3 0 1 5 6 0 8 8 6 5 0 9 0 4 1 6 5 2 4 0 2 6 3 2 1 1 4 8 
2 1 6 3 9 5 5 0 6 6 0 1 1 6 2 2 3 7 1 3 4 6 5 9 8 3 1 9 4 9 3 5 2 7 5 7 3 3 3 0 7 8 7 6 8 6 7 2 6 4 2 6 5 9 0 0 5 3 6 3 3 5 0 4 0 6 7 2 6 7 7 5 8 1 1 4 5 6 3 3 6 9 4 3 4 3 3 8 7 1 5 5 4 8 0 4 2 9 7 1 
7 2 4 0 2 9 5 6 3 9 8 6 3 4 7 6 5 3 3 9 7 3 7 0 1 1 3 5 3 1 8 9 0 2 9 6 2 6 4 0 3 1 0 2 1 9 8 0 8 4 1 9 4 7 1 7 2 1 4 5 9 5 2 5 3 6 0 3 5 7 6 1 5 4 6 6 4 8 6 4 9 8 9 8 0 5 4 7 8 6 8 5 5 1 8 0 2 1 0 4 
0 9 8 9 5 4 0 9 9 3 3 0 0 6 1 9 1 4 2 3 3 9 8 4 2 1 0 3 2 8 1 3 3 8 4 9 3 0 2 3 5 8 9 7 7 8 8 6 3 3 6 3 5 6 8 7 8 8 3 8 3 0 9 8 6 9 2 2 9 3 3 6 8 2 6 3 7 4 9 6 1 7 6 9 3 6 5 4 2 3 4 2 8 6 8 5 7 7 8 1 
8 2 0 7 7 8 9 7 6 5 8 4 1 3 1 4 0 0 3 4 2 4 0 9 8 6 8 8 9 9 1 2 2 4 0 2 6 8 7 6 6 1 4 4 8 1 9 9 2 5 0 9 3 1 9 3 2 8 0 5 5 7 3 4 8 5 3 0 5 4 6 3 7 7 3 8 8 9 4 1 6 8 4 1 6 7 7 9 9 9 2 0 4 5 7 5 9 6 1 4 
5 8 7 0 7 8 8 0 7 2 7 8 8 3 3 4 5 7 1 7 6 7 9 3 5 8 7 2 5 4 8 3 2 6 0 7 7 7 8 1 6 3 6 7 3 5 4 2 0 2 0 7 0 6 6 4 8 2 0 9 7 8 0 6 4 4 6 5 3 1 4 9 8 4 5 4 9 6 8 9 0 4 5 4 8 9 8 1 2 6 8 6 7 0 8 9 9 9 5 7 
1 5 3 3 9 8 5 8 7 4 0 7 6 0 1 1 3 0 2 4 3 6 7 7 0 6 6 2 3 9 2 5 7 6 5 7 3 0 9 8 3 1 7 2 7 5 1 2 9 3 0 4 3 2 2 1 7 1 2 4 5 8 9 6 9 5 3 6 3 3 1 9 1 8 0 7 5 8 8 3 1 4 9 3 3 5 4 4 4 2 7 1 1 8 1 1 7 2 4 9 
9 8 5 1 5 7 7 5 6 5 9 2 5 3 4 3 7 9 8 2 8 5 1 2 3 2 4 5 4 3 9 4 8 1 1 6 8 4 0 9 1 2 6 8 9 3 4 1 4 1 2 6 9 0 7 2 2 0 9 4 9 7 9 5 6 3 3 9 8 1 8 9 0 8 0 5 9 0 3 5 1 5 3 7 7 8 9 5 9 4 2 2 9 7 2 2 6 9 6 8 
9 7 3 4 8 8 4 4 7 2 7 6 8 9 3 1 0 9 6 5 9 6 0 8 9 7 3 7 7 3 7 4 9 8 5 5 6 8 9 5 0 3 5 7 5 5 8 4 9 8 8 0 1 2 9 0 2 5 3 0 5 5 1 3 8 3 7 8 7 7 8 2 9 6 9 1 2 3 8 7 4 8 5 6 1 5 9 5 9 1 1 4 7 6 7 8 9 2 4 0 
1 2 3 2 5 5 0 6 6 8 4 9 8 5 0 1 3 6 0 9 6 8 3 3 8 1 5 9 5 8 2 2 5 2 9 4 4 6 2 0 8 7 3 8 6 4 5 7 3 3 0 1 5 6 4 3 5 6 2 2 0 2 1 6 3 2 4 7 6 7 0 9 8 4 4 6 4 4 0 2 9 8 8 3 6 3 3 8 4 8 6 2 9 3 5 2 3 7 7 4 

C =
2229 2253 2371 2182 2292 2046 1993 2534 2178 2087 2241 2222 1970 2265 2357 2086 2414 2109 2388 2432 2454 2386 2112 2387 2260 2145 2391 2150 2221 2436 2258 2299 2274 2144 2248 2046 2259 2216 2539 2103 2133 2258 2171 2027 2471 2317 2066 2428 2202 2215 1903 1953 1976 1968 2344 2039 2327 1975 1871 2298 2507 2434 2245 1889 2022 2458 2128 2232 2101 2310 2237 2204 2236 2147 2368 2020 2317 2074 2038 2644 2241 2302 1939 2165 1954 2118 2210 2090 2276 2146 2220 2263 2197 1981 2126 2129 2076 2068 2084 2392 
1870 1979 1919 2142 1957 1950 1950 2266 2013 2053 2047 1978 2046 2080 2178 1825 2011 2122 2059 2517 1989 2243 2003 2312 2057 1960 2226 1878 1897 2224 1908 1979 2081 1996 1988 2148 1990 1998 2352 1932 1834 1850 1795 1792 2315 2022 2101 2276 1937 2184 1941 2057 1971 1892 2066 1898 2034 1841 1973 2082 2193 2278 2051 1960 1892 2241 2031 1909 1983 2211 2104 2036 2037 1982 2155 1837 2108 1984 2130 2420 1980 2270 1895 1923 1722 1832 2055 1799 2201 1920 1979 2127 2046 1940 2063 2173 2036 1945 1822 1896 
2017 1985 2319 2143 2095 2182 2058 2400 2135 2237 2092 2168 2138 2354 2202 1985 2164 2095 2228 2431 2387 2530 1968 2527 2265 2185 2262 2130 2144 2349 2190 2097 2321 2264 2012 2192 2045 2152 2391 1928 2164 2089 2043 2053 2521 2131 2270 2315 2056 2150 1841 2094 1994 2122 2186 1907 2223 2125 1871 2134 2429 2560 1969 1963 2202 2501 2197 2043 2231 2259 2230 2086 2267 1979 2164 2207 2305 2094 2198 2566 2131 2286 2082 2256 2005 2196 2098 2097 2384 2179 2201 2319 2212 1994 2123 2218 2046 2118 2061 2101 
1704 1809 1990 1992 1839 1900 1904 2239 1912 1944 1821 1728 1680 2018 1983 1920 2118 1824 2037 2101 2168 2118 1853 2188 1928 1828 1965 1732 1783 1957 2108 2012 1912 1937 1974 2120 1948 1924 2059 1822 1873 1990 2085 1927 2078 1845 1999 2085 1854 2127 1644 1844 2017 1857 1891 1847 2002 1770 1971 1975 2053 2199 1940 1846 1866 2155 1972 1800 2042 2038 1920 1767 1973 1866 1968 1701 2065 1791 1891 2405 1879 1995 1831 1898 1685 1868 1905 1898 2042 1947 2072 1928 1885 1854 1903 1928 1653 2082 1940 1983 
1586 1771 1740 1897 1724 1763 1641 2014 1741 1942 1784 1563 1836 1941 1827 1850 1938 1715 1937 2096 1960 1972 1607 2137 1964 1853 1873 1735 1677 1802 1828 1858 1854 1752 1596 1693 1990 1654 2052 1668 1508 1799 1518 1826 2094 1685 1916 1826 1683 1815 1557 1770 1692 1731 1982 1620 1750 1697 1615 1730 1986 2002 1633 1687 1924 1947 1858 1607 1619 1918 1857 1752 1880 1670 1757 1632 1905 1476 1923 2345 1542 1823 1595 1846 1580 1701 1761 1561 1870 1601 1826 1700 1805 1637 1846 1936 1846 1696 1781 1670 
1863 1759 1916 1925 2012 1913 1945 2276 1920 1931 1839 2033 2037 2028 2136 1718 2052 1988 2053 2282 2262 2224 1890 2268 1941 1997 2325 1890 1951 2208 1983 1868 2047 1985 1962 2026 2021 1981 2085 1893 1819 1986 1880 1883 2130 1822 1968 2126 1938 2033 1825 1898 1914 1830 1938 1861 2051 1924 1883 1977 2195 2357 1952 1761 1872 2309 1851 1978 1969 2069 1988 1846 1950 1840 2072 1904 2028 1987 1952 2391 1948 2265 1791 1930 1877 1891 1890 1930 2186 1941 1972 1948 2073 1916 1979 1976 1826 1996 1739 1987 
2109 2115 2300 2382 2149 2101 2147 2626 2242 2355 2372 2270 2147 2361 2497 2145 2504 2288 2441 2546 2481 2436 2243 2577 2240 2174 2373 2052 2323 2467 2343 2262 2255 2258 2136 2274 2197 2257 2534 2109 2246 2342 2185 2124 2591 2353 2233 2480 2047 2372 2008 2185 2189 2249 2401 2160 2235 2090 2130 2273 2446 2557 2316 2049 2114 2496 2183 2163 2090 2451 2152 2113 2339 2066 2266 2231 2325 2327 2027 2882 2310 2420 2100 2161 2163 2157 2279 2178 2274 2198 2316 2336 2340 1980 2265 2303 1940 2331 2138 2356 
1688 1681 1849 1803 1873 1802 1827 2006 1897 1826 1867 1884 1695 1846 1963 1653 1762 1826 1868 2103 1896 1929 1731 2003 1817 1792 2008 1666 1839 1791 1864 1849 1959 1656 1645 1885 1885 1776 2021 1701 1711 1604 1582 1688 2061 1812 1814 1940 1711 1710 1708 1794 1585 1724 1998 1703 1779 1787 1735 1819 1948 1990 1723 1705 1591 1986 1735 1903 1720 1936 1776 1872 1801 1747 1794 1837 1941 1901 1841 2105 1709 1941 1721 1791 1658 1807 1861 1578 1942 1669 1799 1826 1775 1569 1776 1845 1810 1809 1605 1804 
1562 1849 1871 1773 1713 1621 1824 2112 1833 1717 1711 1730 1906 1873 2020 1691 1796 1770 1726 2011 2027 2122 1754 2174 1791 1887 1859 1703 1952 2019 1841 1733 1776 1924 1887 1844 1723 1784 2088 1631 1768 1884 1766 1756 2192 1774 1680 1920 1786 1917 1523 1848 1636 1806 1879 1659 1895 1710 1646 1801 1943 2034 1872 1680 1719 1967 1772 1733 1974 1878 1864 1685 1948 2025 1944 1717 1895 1739 1792 2282 1650 1942 1627 1709 1671 1760 1941 1844 1892 1794 1859 1850 1891 1754 1727 1866 1753 1791 1677 1822 
1835 2067 2010 2240 2019 1869 2009 2164 1939 1988 1777 1851 1997 2204 2140 1922 2157 1945 2062 2148 2142 2056 1973 2238 2035 1899 2184 1893 2051 2210 2082 2051 2086 2046 1861 2105 2070 1961 2181 2030 1841 2107 2041 1873 2296 1798 1921 2157 2033 1962 1677 2021 1807 1883 1946 1881 2139 2082 1823 1908 2313 2266 1928 1773 1827 2342 2025 1848 1922 2104 2072 1920 1993 1841 2064 1974 2076 1824 1959 2413 1958 1970 1799 1876 1729 1795 1925 1941 1985 1961 2121 1837 1884 1888 2101 2059 1911 1996 1945 2126 
1864 1689 1921 1784 1789 1554 1609 2062 1943 1942 1734 1759 1782 1962 1731 1754 1848 1540 1826 1941 2049 1988 1775 1977 2098 1729 1928 1745 1865 1837 1769 1743 1791 1988 1769 1828 1894 1829 2003 1603 1716 1780 1618 1886 2081 1746 1988 1920 1830 1747 1558 1580 1667 1642 1988 1574 1822 1711 1516 1818 1993 1916 1634 1784 1863 1992 2007 1675 1719 1882 2041 1811 2102 1771 1821 1787 1643 1843 1772 2137 1863 2001 1796 1771 1622 1875 1704 1581 1843 1753 1855 1903 1785 1732 1699 2023 1761 1854 1917 1697 
1699 1839 1887 2147 1866 1872 1795 2293 1887 2047 1835 1817 1851 2155 2008 1947 2098 1843 2108 2223 2063 2141 1921 2315 2062 1781 2057 1874 1894 2154 2076 2044 1905 2049 1948 1990 1899 1951 2179 1868 1838 2052 1903 2007 2197 1980 2006 2036 1966 2031 1744 1913 1675 1802 2074 1740 2078 1827 1743 1941 2145 2104 1740 1672 1915 2292 2038 1793 1965 2140 1988 1770 1991 1799 2011 1768 1897 1987 1984 2461 2125 1999 1775 1880 1712 1862 1892 1926 2010 1887 2190 1957 2148 1680 2017 1964 1715 1975 1851 2087 
2138 2243 2262 2341 2271 2028 2169 2607 2522 2235 2274 2324 2334 2522 2441 2213 2351 2194 2475 2655 2470 2390 2344 2647 2440 2176 2548 2260 2317 2424 2208 2433 2543 2572 2262 2617 2251 2453 2618 2263 2344 2283 2171 2206 2658 2337 2212 2445 2411 2329 2004 2226 2168 2229 2438 2121 2463 2228 2203 2420 2499 2524 2273 2202 2195 2775 2284 2286 2248 2430 2353 2175 2381 2364 2364 2410 2400 2284 2310 2729 2202 2606 2293 2323 1904 2198 2403 2287 2407 2249 2300 2359 2377 2238 2339 2501 2207 2232 2189 2431 
1779 1856 2015 1978 1945 1864 1852 2218 1939 2011 1906 1904 1860 1950 2098 1925 2085 1871 2040 2185 2304 2029 1767 2173 1925 1928 2003 1846 1910 2071 2029 2026 2007 1973 1886 2012 1894 1864 2236 1808 1933 1957 1810 1960 2157 1843 1936 2147 1803 1984 1673 1758 1712 1967 2071 1891 2017 1873 1784 2036 2169 2150 1866 1792 1791 2284 1925 1826 1828 1998 1853 1921 2021 1738 1988 1968 2102 1783 1832 2272 1977 2099 1892 1824 1751 1910 1955 1723 1940 2037 2098 1826 1871 1765 1894 2015 1661 1959 1910 2065 
1790 1826 1989 2260 2137 1936 1968 2367 1938 2021 2088 2026 2001 2150 2268 1944 2201 2114 2229 2219 2118 2194 2137 2444 2112 1832 2174 2016 2112 2409 1990 2073 2086 2107 2049 1931 2072 2098 2265 2037 1938 2203 1946 1827 2401 2130 2018 2026 2123 2156 1798 2180 1887 2043 2164 1796 2059 1903 1895 2055 2226 2393 2110 1962 1881 2431 2116 1947 1870 2181 2071 2127 1819 2001 2158 1938 2147 2038 2002 2482 2068 2225 1950 2043 1848 2007 1846 2026 2266 1958 1921 2060 2267 2030 2000 2193 2041 1918 1862 2145 
1716 1714 1825 1751 1721 1604 1713 1902 1808 1766 1573 1849 1630 1842 1874 1580 1978 1663 1908 1901 1844 1866 1616 1992 1769 1752 1742 1626 1865 1702 1827 1670 1928 1787 1482 1751 1668 1738 1921 1619 1675 1813 1653 1671 1987 1682 1772 1713 1717 1675 1427 1543 1596 1609 1747 1481 1648 1690 1499 1702 1769 1874 1799 1564 1626 1991 1665 1585 1674 1725 1783 1673 2108 1740 1674 1786 1898 1679 1676 2186 1515 1815 1686 1695 1598 1780 1854 1639 1751 1736 1826 1846 1905 1594 1743 1931 1585 1768 1728 1790 
1890 2033 2028 2255 1795 1973 1725 2479 1997 2157 2048 1962 1969 1988 1946 1976 2152 1896 2128 2282 2147 2217 1957 2285 2001 1907 1930 1853 2002 2124 2098 2136 2099 2045 2079 2032 2017 2140 2271 1845 2089 2006 1778 1775 2290 2004 2233 2239 1876 2113 1802 1935 2023 1864 2017 1896 2153 1845 1949 2036 2161 2107 2003 1926 1808 2447 2013 1883 1966 2130 1956 1936 2068 1901 1928 1959 1990 2048 1951 2401 2068 2143 1944 2003 1763 1894 1993 1947 2121 1877 2131 2070 2142 1822 2029 2103 1819 2085 1860 1956 
2019 2112 2271 2239 2141 2107 2240 2638 2396 2161 2263 2192 2186 2262 2359 2091 2259 2223 2408 2582 2452 2541 2129 2520 2139 2170 2436 2070 2159 2326 2164 2247 2248 2141 2225 2213 2180 2263 2418 2203 2116 2045 2075 2017 2472 2181 2230 2287 2001 2292 1952 2231 2175 2169 2296 2188 2315 2073 2129 2445 2432 2549 2338 2239 2005 2514 2226 2110 2226 2278 2306 2166 2179 2247 2241 2125 2388 2223 2216 2785 2059 2311 2153 2142 2138 2285 2129 2122 2472 2208 2283 2437 2331 2055 2346 2276 2203 2247 1999 2305 
1738 1837 1886 1968 2007 1798 1855 2177 1865 1781 1775 2007 1731 2081 2003 1782 1936 1845 2076 2113 2047 2143 1786 2314 1911 1895 2008 1756 1952 2247 2116 1910 1920 2043 1826 1827 1906 1922 2144 1788 1789 2048 1962 1940 2252 1873 1985 2142 1936 1858 1672 1767 1763 1755 2050 1784 1999 1686 1749 2090 2027 2129 1851 1655 1735 2197 2076 1851 1874 2123 1968 1920 2022 1758 1944 1755 1911 1843 1767 2155 1975 2048 1714 1880 1628 1799 2049 1796 2131 1886 2027 1849 2055 1842 1833 2015 1744 1877 1961 1864 
1830 1972 1967 2191 2140 2064 2004 2400 1957 2217 2070 1915 1895 2203 2066 2107 2086 2026 2098 2474 2170 2242 1931 2379 2258 1847 2305 2034 1997 2169 2149 2230 2212 2141 2150 2197 2126 2018 2341 2029 2209 1926 2119 2090 2393 1930 2055 2317 1956 2079 1893 2075 2036 1964 2128 1864 2196 1907 2032 2086 2273 2300 1936 1968 2081 2342 2136 1868 1933 2147 2037 2110 2052 1985 2047 1868 2102 2076 2075 2390 2200 2430 1972 1935 1883 1971 2069 2081 2185 1994 2071 2170 2254 1969 2066 2265 2136 2111 1972 2092 
1787 1952 1891 2047 1997 1980 1911 2252 1858 1995 1868 1999 1897 2106 2121 1987 2150 1618 2142 2295 2133 2041 1940 2203 1966 1957 2081 1844 2026 2010 2115 2012 2018 2129 1989 1998 2053 2064 2286 1783 1889 2008 1754 1943 2167 1949 1959 2111 2014 2061 1737 2031 1821 1843 2043 1874 2011 1802 1842 2009 2111 2194 1947 1755 1960 2318 1858 1955 1853 2089 1875 1802 2100 1921 1967 1833 1971 1962 1900 2422 1900 2048 1868 1847 1799 1820 2043 1856 2073 1958 2182 1900 1898 1869 2051 2095 1791 1937 1893 1942 
1816 1801 1901 1886 2057 1799 1751 2173 1960 1924 1922 1940 1871 2036 1942 1890 2011 1772 2089 2180 2045 2086 1922 2210 2002 1912 2162 1947 2020 2046 1910 1908 2104 2033 1749 1914 1875 2036 2072 1802 1935 1911 1842 1820 2302 1993 1923 2167 1851 1944 1690 1815 1791 1785 1980 1771 1901 1597 1735 1919 2149 2169 1904 1797 1889 2134 1990 1905 1841 2079 1930 1836 1986 1879 1803 1874 1918 1869 1892 2352 1989 2050 1822 1875 1707 1895 1819 1994 1943 2027 2030 1968 2025 1789 1906 2054 1898 1875 1847 2054 
1555 1806 1947 2009 1838 1801 1849 2341 1792 1861 1782 1865 1849 1908 1888 1955 1967 1622 1817 2079 1980 2067 1936 2042 1878 1821 1988 1752 1867 1826 1825 1766 1889 1867 1926 1830 1774 1743 2088 1815 1648 1859 1640 1684 2104 1863 1867 1960 1739 1769 1714 1898 1749 1689 1953 1714 1952 1635 1724 1877 1894 1988 1888 1671 1795 2045 1906 1830 1790 1826 1814 1791 1880 1922 1882 1744 1844 1761 1633 2376 1717 1909 1680 1602 1703 1787 1739 1652 1829 1836 1852 1931 1811 1726 1733 2004 1755 1816 1480 1850 
2119 2216 2211 2241 2458 2222 2331 2396 2045 2127 2050 2256 2062 2336 2443 2152 2283 1998 2289 2572 2426 2412 2077 2504 2183 2402 2510 2134 2274 2521 2381 2164 2412 2154 2167 2287 2368 2223 2537 1999 2033 2303 2057 2098 2523 2183 2146 2444 2231 2307 1901 2188 1957 2091 2250 1918 2301 2117 1959 2240 2414 2567 2232 1883 2159 2604 2283 2176 2056 2342 2247 2195 2330 2224 2359 2092 2350 2150 2295 2723 2077 2310 2006 2207 2029 2201 2218 2031 2387 2199 2240 2247 2238 2123 2256 2373 2165 2126 2061 2183 
2028 1808 1900 1935 1936 1783 1894 2366 2019 1945 1944 1963 1750 2042 2058 2020 2170 1863 2220 2262 2150 2079 1729 2373 2057 2057 2127 1866 2013 2101 2043 1948 2098 2225 1803 2041 1992 2126 2183 1865 1900 2122 1961 1979 2231 1958 2068 2156 1920 2117 1791 1741 1999 1849 2066 1878 2040 1681 1799 2043 2197 2206 1948 1794 1918 2258 1983 1866 1988 2045 2094 1799 2090 1903 2070 1941 2148 1853 1847 2416 2041 2165 1849 2050 1814 1983 1933 2080 2164 1861 2035 2005 2079 1895 1890 2016 1771 1986 1883 2053 
1714 1991 2089 2094 1876 1835 1860 2234 1940 2058 1934 1856 1810 2096 1994 2008 2056 1879 1878 2314 2132 2019 1902 2155 1914 1794 2109 1854 2019 2165 1932 2031 2134 1972 1898 1864 2005 1854 2191 1762 1875 1938 1789 1742 2289 2025 1846 2134 1747 1866 1752 1897 1726 1933 2094 1704 1998 1978 1814 1834 2160 2241 1913 1878 1784 2197 1919 1774 1785 2036 1968 1917 1993 1805 1864 1841 2019 1940 1898 2360 2096 1942 1822 1814 1724 1918 1876 1773 2043 1889 1881 1991 2045 1768 2055 2085 1925 1973 1842 2030 
1856 1740 2034 1922 2106 1882 1822 2212 1834 2095 1867 1960 1833 2146 1943 1909 2054 1883 2105 2271 2016 2262 1915 2313 2146 2019 2227 1943 1972 2100 2171 1931 2040 1991 1964 1978 2054 2075 2136 1757 1998 1991 2014 1917 2313 2146 1962 2014 2042 2155 1717 1992 1914 1871 1902 1831 2041 1683 1709 2024 2244 2304 1890 1885 2055 2311 2087 1977 1969 2118 2003 1989 2018 1851 2049 1925 1935 2053 1904 2492 1879 2087 2001 2123 1926 2148 1722 2043 2198 2039 1973 2234 2113 1871 1928 2040 1792 1949 1933 1899 
1859 2038 2242 2283 1960 1983 2106 2593 2037 2009 1886 1942 2035 2220 2177 2011 2148 1967 2175 2325 2410 2263 2086 2424 2081 2019 2201 2024 2188 2373 2092 2040 2244 2144 1939 2052 2189 2051 2347 2026 2043 2192 2017 1991 2439 1966 2105 2134 2026 2159 1923 2006 2057 1848 2135 1770 2160 1993 1913 1953 2255 2386 1992 1906 2042 2332 1969 2057 2092 2175 2062 2039 2140 2006 2035 2162 2266 2093 1923 2516 2002 2422 1917 1973 1799 2003 2110 2152 2298 1996 2059 2192 2191 2025 2113 2174 2122 2193 1764 2090 
1977 1923 2095 1964 2214 1865 2106 2365 1910 2014 1664 2153 1952 2036 2261 2052 2020 2068 2008 2455 2231 2184 1919 2406 2118 1917 2345 1874 2068 2009 2082 1991 2085 2234 1958 2113 2093 2110 2266 1909 1877 1991 2035 2064 2281 1809 2010 2181 2077 2012 1785 1866 1942 1924 2076 1854 2186 1987 1770 2036 2281 2297 1934 1974 1882 2452 1959 1939 1930 2076 2005 1935 1947 1939 2123 2102 1985 2161 1965 2368 2126 2187 1958 2138 1841 2033 2032 1912 1992 1984 2037 2134 2065 1986 1912 2216 1937 2096 2062 2079 
1770 1873 1982 2329 2100 1903 1978 2358 2090 2015 2027 2168 1882 2135 2090 1887 2230 2135 2281 2403 2203 2460 2014 2554 2130 2042 2230 2025 2113 2296 2151 2048 2261 2167 2197 2111 2197 1996 2358 2012 2118 2088 2143 1860 2367 2064 2135 2193 2139 2194 1837 1909 1987 2014 2042 1922 2153 1897 2071 2043 2221 2327 1997 1978 1992 2407 1984 2067 2147 2289 2007 2135 2127 2020 1986 1911 2065 2080 1978 2440 1998 2356 2063 1965 1700 1929 2009 2219 2327 2092 1972 2140 2171 1977 2098 2122 1990 2071 1941 2105 
1829 1793 1917 1875 1967 1723 1843 2238 1883 1949 1923 2003 1845 2085 2294 1921 2063 1946 2116 2145 2112 2146 1854 2227 2000 1875 2127 1685 1905 2078 1975 1933 2217 2115 1925 1939 1934 1993 2069 1729 1926 2080 1866 2038 2264 1870 1803 2106 1901 1899 1828 1775 1812 1803 2096 1842 1883 1772 1864 1996 2036 2185 1891 1689 1813 2226 1835 1804 1793 2099 2039 1841 1870 1926 1849 2064 2078 1888 1924 2372 1836 2212 1759 1951 1692 1923 1989 1942 2089 1939 1994 1965 2048 1950 1780 1967 1668 1888 1828 1935 
1813 1986 2189 2080 2044 2028 1939 2284 2039 2125 1993 1907 1967 2043 2283 1887 1948 1956 2206 2303 2250 2282 1940 2312 1962 1792 2096 1987 1994 2311 2108 2159 2186 1942 2043 2093 2046 1973 2311 1926 1937 1979 1939 1896 2436 2016 2108 2146 1907 2023 1770 1892 1949 1896 2061 1780 1963 1977 1881 2096 2281 2346 2142 1925 1923 2223 2023 1933 1921 2287 2021 2158 2104 1791 1885 2026 2265 2128 1960 2407 2082 2362 2029 2096 1790 2009 1957 1869 2155 2057 2130 2276 2219 1955 2102 2071 1888 1985 1985 2090 
1826 1921 1977 2065 2210 1948 2069 2225 1961 1876 1890 1962 1911 2127 2149 1909 1995 1809 2090 2286 2185 2393 2093 2251 2070 1905 2171 1934 2027 2183 2074 1880 2105 2181 2014 2102 1900 1933 2277 1878 1924 1948 2094 1929 2383 1883 2071 2087 1952 2107 1680 1933 1888 1810 2102 1814 2098 1792 1773 1965 2099 2223 1980 1783 2079 2290 2019 1985 2013 2170 1936 1913 2256 2020 2020 1944 2028 2005 1943 2308 1982 2321 2014 1993 1802 1988 1951 1973 2145 2061 2051 1957 2042 2000 2019 2174 1995 1983 1855 1893 
1909 1629 1913 1900 1875 1871 1830 2358 1887 1980 1825 1937 2030 1900 2113 1945 1967 1795 2272 2237 2256 2266 1916 2498 2094 2138 2113 1815 2037 2034 1995 2012 2030 1988 1795 1970 2035 2049 2391 1885 1670 1895 1780 1878 2259 2037 2043 2062 1861 2215 1776 1855 1918 1771 2094 1716 2088 1718 1679 1998 2194 2404 1901 1828 2065 2194 1936 1831 1845 2315 1937 1783 1974 1872 2065 1939 2055 2037 2110 2656 1931 2136 1805 2192 1644 1954 1850 1903 2188 1947 2059 2103 2203 1918 1946 2020 1710 1948 1810 2016 
1943 2002 2266 2083 2229 1919 2002 2351 2121 2159 1925 1937 1863 2070 2006 1866 2221 1982 2171 2376 2384 2217 2094 2462 2150 2135 2198 1929 2215 2346 2078 1950 2141 2114 2099 2053 2025 2143 2263 1914 2133 2056 2022 2002 2321 2024 2140 2069 1904 2011 1758 1894 1908 1929 2112 1919 2140 1941 1873 1993 2117 2303 1837 1835 1947 2282 2048 1978 1960 2165 2055 1893 2124 1869 2146 2015 1967 2053 2126 2470 2076 2175 1895 2049 1917 2065 1863 2127 2165 1856 2110 2233 2039 1879 1981 2111 1983 1909 1813 2049 
2016 2119 2199 2410 2250 2255 2278 2739 2381 2206 2205 2322 2289 2258 2209 2123 2294 2147 2284 2583 2338 2657 2213 2492 2256 2267 2530 1962 2260 2359 2272 2258 2144 2363 2283 2310 2282 2393 2523 2191 2119 2104 2034 2194 2456 2164 2277 2389 2079 2307 2004 2261 2137 2078 2521 2059 2458 2107 2077 2240 2507 2370 2254 2229 2199 2664 2272 2116 2317 2372 2340 2260 2449 2370 2393 2158 2197 2344 2326 2701 2205 2371 2256 2074 2134 2198 2292 2078 2299 2220 2173 2174 2302 2117 2293 2462 2205 2314 1985 2259 
1944 2000 2383 2275 1916 2000 1972 2468 2135 2239 2068 2024 1930 2326 2253 2089 2371 1984 2203 2326 2381 2399 2178 2465 2194 2038 2242 2080 2241 2337 2136 2166 2257 2260 2042 2262 2226 2266 2383 1970 2199 2326 1922 2216 2441 2183 2282 2308 2026 2139 1957 2112 1978 2079 2344 2009 2151 2078 1989 2260 2411 2355 1902 1949 2029 2408 2114 2064 2077 2240 2117 2142 2234 1954 2047 2141 2232 2122 2054 2664 2089 2425 1996 2083 1923 2180 2144 1953 2248 2122 2341 2150 2250 2017 1995 2309 2020 2089 2052 2205 
1777 1729 1627 1685 1805 1761 1784 2036 1770 1895 1831 1791 1763 1830 1869 1787 1765 1676 1748 1855 1892 2123 1617 2148 1956 1849 1910 1653 1711 1968 1937 1748 1852 1817 1809 1885 1745 1826 2075 1642 1631 1770 1647 1775 2099 1680 1791 1790 1770 1830 1483 1638 1683 1703 1772 1674 1844 1586 1754 1762 1890 1996 1739 1608 1656 2055 1774 1729 1828 1872 1787 1789 1752 1692 1704 1839 1893 1701 1813 2252 1705 1987 1541 1795 1620 1725 1813 1830 2061 1807 1859 1845 1906 1795 1716 1799 1506 1851 1539 1783 
1844 1970 2234 2212 2056 1927 1989 2589 2079 2012 1930 2144 1989 2195 2125 1982 2297 2012 2186 2362 2319 2287 1967 2430 2018 2017 2165 2051 2101 2114 2175 2194 2122 2165 2132 1914 2053 2030 2283 2056 2046 2148 1962 1970 2355 1958 2097 2120 1975 2213 1860 1954 1993 2041 2208 1881 2131 1967 1894 2052 2290 2231 2075 1960 2076 2465 1991 1892 2009 2086 2190 2004 2051 2114 2201 1952 2128 1922 2026 2461 1909 2077 1904 1994 1925 1987 1995 1903 2104 2022 2070 2113 2204 1870 2008 2209 2004 1948 1860 2019 
1897 2030 2039 2096 2081 1992 1959 2283 1940 2053 1985 1971 2007 2032 2045 1885 2158 2011 2115 2208 2201 2193 1885 2204 1918 2118 2203 1867 1982 2268 2233 1852 2006 1928 2023 2088 2011 2093 2057 1886 1861 2058 1797 1936 2265 2181 1963 2133 1822 1965 1606 1815 1774 2071 2095 1814 2136 1870 1826 2156 2146 2243 1990 1887 1791 2431 2112 1912 1960 2061 2063 2129 2149 1899 2155 1867 2120 1876 2041 2524 1875 2098 1929 1992 1890 2134 1917 1956 2075 2022 2164 2140 2163 1826 2076 2139 1801 2006 1941 2100 
1980 2006 2077 2201 2036 2033 1979 2363 1968 2218 2028 1992 2045 2105 2208 2012 2184 2100 2246 2303 2182 2237 2076 2305 2176 1980 2197 1994 2156 2194 2090 2094 2206 2064 2089 2239 2239 2050 2313 1947 1920 2070 2082 1980 2516 1991 2200 2317 1964 2134 1908 2043 2091 2042 2184 1992 2096 1808 2017 2166 2337 2281 2125 1917 1865 2451 2137 1990 2022 2204 2101 2006 2013 1982 2135 1979 2173 1929 2018 2624 2016 2144 2005 2069 1913 1993 2204 1979 2322 1903 2332 2121 2144 1805 2111 2228 2017 2094 2143 2014 
1769 1938 2119 2143 2016 1976 2002 2448 1858 1959 1910 2063 1919 2056 2162 1974 2076 1865 2040 2139 2095 2247 1849 2202 2058 1801 2271 1873 1999 2081 2104 1979 2041 2038 2096 1849 1994 1996 2092 1904 1910 1987 1897 1877 2383 1877 1862 2173 1934 2029 1868 1947 1742 1903 2268 1752 2064 1789 1936 2027 2282 2243 2023 1825 1973 2536 2011 1833 1792 2002 2124 1855 1759 2024 1952 1784 2081 1949 1876 2299 2045 2031 1915 1827 1853 2004 1971 1994 2090 1856 2109 2102 1879 1849 1956 2168 1976 2010 1827 2093 
1669 1892 1823 1907 1866 1801 1912 2175 2030 1843 1878 1876 1708 1939 1879 1800 1969 1855 2022 2277 1962 2183 1773 2180 1962 1774 2001 1899 1879 1933 1967 1754 1795 1879 1854 1937 1898 1741 2134 1780 1908 1701 1825 1825 2096 1857 1875 2015 1720 1937 1654 1807 1799 1701 2010 1851 1976 1727 1793 1913 2074 2079 1708 1704 1860 2170 1900 1903 1891 2077 1893 1744 2024 1802 1912 1618 1884 1663 1953 2206 1902 1874 1660 1981 1834 1673 1765 1848 1966 1821 1843 1851 1949 1506 1781 1896 1885 1742 1849 1971 
1819 1912 2047 2003 1934 1873 2005 2358 2001 1840 1927 1984 1927 2082 2076 1863 2045 1950 1905 2214 2067 2221 1903 2228 2146 1878 2221 1804 2064 1996 2019 1915 2098 2194 1985 2041 1948 1846 2096 1855 1891 2076 1895 1879 2313 1985 1906 1905 1941 1970 1820 1843 1737 1897 2044 1782 2004 1725 1882 1963 2172 2241 1959 1812 1918 2318 2095 2109 1857 1938 1917 1979 1929 2033 2078 2040 2073 1980 1876 2500 1877 2012 1890 1891 1812 1948 1992 1838 2231 1887 1908 2110 2063 1848 1872 2128 1842 1962 1796 1930 
1930 2051 2013 2188 2109 2117 1971 2296 2007 2219 1956 2053 1987 2168 2170 2042 2145 2050 2083 2456 2180 2271 1795 2522 2093 2105 2146 2025 1927 2138 2153 2100 2154 1962 1960 2166 2029 2014 2453 2044 1947 1951 1872 1843 2307 2062 2128 2259 1930 2046 1617 2047 1820 1999 2123 1828 2224 2004 1766 2089 2276 2442 1924 1884 1961 2371 2110 1873 1924 2174 2043 2174 2037 1891 1976 1858 2278 1926 2151 2478 2040 2122 1913 2044 1769 2081 2050 1855 2171 2141 2198 2018 2228 1810 2029 2027 1976 2011 1911 2205 
2108 1965 2246 2197 2190 2042 2122 2429 2145 2176 1919 2165 1988 2276 2378 1976 2201 2106 2242 2491 2324 2290 2006 2477 2221 2061 2363 1979 2393 2301 2254 2157 2289 2263 2147 2146 2222 2150 2352 2079 2135 2281 2139 2127 2486 2071 2301 2357 1936 2168 1925 2012 1913 2056 2226 1989 2239 2159 1965 2261 2365 2386 2092 1965 2062 2356 2057 2121 2071 2279 2106 2002 2142 2121 2310 2160 2208 2162 2080 2694 2006 2158 1957 2052 2096 2120 2173 1866 2431 2154 2175 2156 2424 1947 2123 2322 2062 2109 2103 2139 
2000 1995 2154 2054 1999 1891 1995 2470 2164 2180 2254 1928 2121 2221 2238 2166 2078 2045 2269 2354 2461 2225 2083 2402 2071 2131 2465 1926 2045 2389 2100 2158 2144 2058 1987 2102 2217 2205 2299 2092 2032 2193 1844 2085 2344 2090 2062 2186 2003 2344 1906 2022 2108 2042 2245 1975 2099 1977 1989 2089 2423 2514 2206 2194 2039 2357 2054 2073 2143 2214 2113 2098 2184 2037 1969 2113 2240 2090 2025 2586 2047 2368 1919 2048 1828 2056 2220 1876 2258 2222 2251 2139 2216 2148 2082 2126 1897 2096 1921 2173 
1783 1930 1864 1989 1864 1802 1976 2134 1932 1914 1885 1889 1829 1984 2129 1778 1993 1937 1976 2243 2212 2036 1770 1995 1786 1846 2049 1678 1861 1920 1882 1816 1852 1968 1841 1967 1986 1896 2005 1810 1599 1892 1797 1793 2180 1833 1864 2154 1854 2026 1785 1745 1831 1757 2137 1815 1880 1804 1798 1961 2167 2180 1852 1612 1813 2171 1774 1768 1901 1952 1991 1749 1826 1822 2048 1782 1881 1769 1956 2386 1839 1931 1739 1950 1769 1874 2009 1697 2191 1916 1942 1889 1988 1725 1926 1879 1684 1827 1795 1934 
1833 2113 2125 2235 2083 1910 1988 2378 1997 2028 1981 1921 1890 2162 2035 1997 2073 1816 2176 2160 2211 2221 2108 2228 1973 1941 2100 1921 2098 2261 2274 2089 2235 2133 2105 2024 2048 2025 2212 1862 1955 2207 1991 2003 2390 2056 1992 2137 1894 2054 1918 1798 1920 2045 2192 1898 2120 1906 2004 1995 2147 2345 2025 1946 1953 2312 2128 2014 1939 2115 2048 2182 2108 2008 2086 1841 1995 1962 1969 2485 2021 2190 1961 1897 1715 1883 2097 1948 2158 1934 2081 2027 2225 2043 1923 2157 2036 2020 1974 1982 
2033 2180 2359 2117 2153 2077 1993 2401 2179 2295 2089 1855 2087 2295 2232 2067 2246 2027 2203 2538 2426 2276 2055 2363 2141 2049 2255 2045 2102 2278 2148 2233 2351 2087 2064 2349 2148 2097 2237 1973 2060 2126 2118 2118 2474 2138 2291 2339 1963 2071 1828 2127 2109 1988 2126 2034 2237 2086 2005 2256 2306 2372 2110 2045 1987 2251 2052 2026 2095 2280 2164 2061 2219 1982 2277 2067 2309 2021 2121 2553 1938 2333 2037 2221 1957 2101 2100 2021 2238 2009 2218 2162 2205 2060 2174 2193 2021 2152 2122 2068 
2159 2098 2307 2345 2412 2141 2198 2711 2399 2362 2222 2228 2108 2265 2400 2251 2438 2093 2415 2499 2454 2637 2217 2647 2277 2242 2492 2232 2325 2455 2279 2255 2250 2209 2282 2275 2157 2271 2495 2109 2206 2286 2194 2302 2548 2162 2420 2334 2197 2362 1864 2129 2182 2218 2357 2144 2416 2148 2050 2241 2448 2450 2380 2083 2284 2727 2181 2059 2253 2469 2423 2139 2437 2290 2389 2137 2286 2155 2290 2633 2328 2523 2143 2387 2178 2195 2061 2248 2325 2254 2355 2308 2351 2219 2266 2358 2111 2234 2191 2278 
1886 1824 1947 1912 1874 1688 1787 2274 1936 1993 1791 2052 1860 1917 2002 1860 2120 1806 2000 2245 2177 2036 1780 2173 1919 1880 2243 1755 2016 2072 2046 1898 2000 2028 1834 2006 2009 2069 2113 1860 1780 1956 1846 1917 2169 1900 2115 2300 1881 1875 1727 1780 1940 1769 2076 1770 2059 1687 1706 1955 2262 2032 1959 1832 1949 2261 1927 1784 1783 2088 2050 1717 1927 1891 1966 1873 1933 1931 1846 2315 2115 2069 1748 1966 1768 1880 1754 1988 1979 1903 1899 2093 1926 1718 1863 1996 1729 1885 1916 2048 
1997 2066 2331 2174 1991 1877 2169 2507 2192 2237 2011 2033 1876 2309 2188 1974 2320 1985 2040 2438 2381 2263 1969 2414 2235 2045 2246 1988 2132 2183 2182 2137 2211 2133 2065 2017 2052 2085 2337 1953 2200 2146 1973 1988 2437 2040 2174 2150 1991 1989 1819 2100 2055 2078 2166 1896 2028 1975 1933 2126 2204 2455 2032 2006 1877 2191 2074 1906 2096 2146 2192 2044 2231 1948 2152 2117 2222 2088 1871 2579 2065 2173 1949 2019 1897 2013 2006 1988 2172 2068 2248 2353 2057 1831 1986 2197 1891 2214 1828 2082 
1867 1911 2152 2118 2002 2097 2017 2260 2070 2046 2081 1995 1949 2195 2201 1926 1861 2003 1984 2209 2261 2279 1988 2226 1942 1822 1997 1832 2026 2301 2099 2020 2028 1966 2017 2159 1886 1978 2324 1937 1874 2090 1975 2067 2356 2136 1917 2003 1918 1985 1808 1981 1897 2012 2110 1984 2009 1993 1930 2000 2203 2286 1984 1757 2006 2227 2034 2004 1964 2123 2145 2118 2029 1871 2072 2069 2056 1947 1908 2461 1986 2196 1973 2098 1756 2022 2123 1905 2172 2077 2015 2092 2100 2014 1971 2010 1726 2063 1861 2114 
1629 1670 1735 1778 1761 1707 1679 2007 1633 1699 1648 1638 1678 1723 1800 1807 1744 1717 1742 1924 1965 2075 1463 1859 1729 1643 1993 1413 1688 1859 1778 1749 1545 1733 1655 1829 1731 1660 1945 1589 1573 1665 1611 1731 1976 1736 1767 1869 1723 1779 1475 1794 1575 1624 1907 1610 1678 1509 1456 1757 1987 1926 1755 1557 1723 1927 1788 1464 1715 1770 1804 1558 1896 1765 1771 1557 1728 1750 1838 2070 1783 1828 1623 1771 1529 1716 1771 1734 1734 1713 1791 1777 1713 1630 1904 1811 1587 1681 1594 1637 
1788 1981 2087 2140 2210 1935 1956 2341 2017 1976 1951 2116 1841 2174 2257 1865 2171 2005 2267 2430 2163 2222 1989 2429 2022 2024 2240 1929 2094 2224 2125 2104 2183 2138 2073 2083 2031 1977 2300 1807 1916 1976 1908 1972 2458 2060 1934 2277 2159 2083 1768 1969 1834 1912 2131 1978 2172 1963 1940 2157 2209 2445 2122 1844 2036 2338 2078 1939 1918 2125 2098 2064 2064 2138 2082 1991 2183 2056 2023 2433 2045 2315 1983 2124 1694 2091 1882 2071 2101 2039 1995 2127 2043 2009 2080 2140 2061 1954 2081 2223 
1750 1767 1989 2065 2057 1973 1887 2110 1825 1867 1721 1831 1765 1978 1857 1675 2053 1750 1936 2175 2005 2112 1909 2012 1985 1745 2157 1705 1916 2128 1897 1801 1754 1867 1839 2057 2030 1763 1932 1821 1894 1878 1976 1762 2270 1802 1854 2015 1748 1860 1537 1864 1781 1722 1960 1777 1901 1757 1728 2005 1992 2147 1803 1704 1875 2115 1919 1692 1719 1808 1927 1907 2002 1795 1965 1660 1936 1943 1866 2261 1807 2049 1866 1759 1656 1818 2025 1917 1993 1681 1838 1945 2012 1670 1967 2042 1933 1842 1856 1867 
1868 2031 2022 2140 1975 1950 1847 2363 1931 1964 2057 2092 1902 2135 2183 2005 2208 1984 2112 2145 2179 2170 1970 2279 1979 1947 2239 1796 2028 2198 2175 1932 2045 2015 1873 2052 2132 2121 2343 1907 1999 2206 1963 2032 2193 1977 1933 2152 2081 2134 1956 1920 1842 1942 2134 1843 1915 1801 1972 1891 2158 2205 1925 1822 1911 2325 1944 2035 1926 2149 2113 1970 2025 1975 2166 1877 1878 2000 1997 2445 2137 2140 1792 1912 1743 1921 2160 1944 1999 2022 2182 2166 2038 1782 1999 2064 1800 1960 1860 2020 
1718 1687 1805 1878 1819 1716 1702 2032 1642 1937 1723 1750 1797 1803 1866 1731 1850 1700 1914 2059 1960 1890 1774 1944 1807 1708 1972 1707 1862 1957 1730 1668 1754 1829 1809 1787 1877 1819 2053 1626 1480 1678 1730 1659 2104 1653 1771 2056 1719 1721 1589 1859 1574 1680 1908 1634 1812 1695 1708 1751 2047 1971 1669 1671 1797 2030 1701 1722 1796 1994 1840 1830 1832 1705 1935 1750 1772 1719 1778 2116 1782 1869 1722 1573 1730 1850 1796 1761 1866 1742 1864 1754 1806 1710 1945 1958 1838 1846 1725 1795 
1980 2117 2064 2105 2069 2007 1949 2314 1902 2021 2094 1900 1979 2109 2223 1969 2043 2045 2147 2416 2191 2277 1944 2300 2119 1966 2133 1926 2077 2203 2106 2017 2056 2057 1970 2148 1977 2045 2327 1853 1868 2023 2003 1986 2369 2032 2086 2203 2020 2184 1817 2272 1947 1824 1944 1921 2055 1876 1946 2047 2312 2324 2052 1765 2128 2291 2073 2071 2001 2185 2017 2089 2022 1992 2152 2088 2118 1996 2062 2524 1921 2234 1894 2153 1925 2097 2024 1970 2122 2128 2012 2114 2153 1957 2060 2097 1911 2063 1900 1957 
1794 1788 1873 1981 1784 1802 1679 2264 1826 2007 1834 1789 1823 2032 1993 1788 2023 1725 2086 2119 2183 2187 1847 2218 2011 1989 2038 1680 1957 2042 2012 1980 1860 1969 1925 1905 2002 1858 2105 1755 1754 1906 1893 1857 2228 1881 1987 2139 1876 2065 1798 1763 1810 1712 2030 1664 1961 1733 1828 1926 2086 2201 1780 1776 2059 2066 2035 1875 1887 2085 1977 1915 2021 1859 1983 1786 2021 1829 1830 2410 1829 1974 1749 1843 1652 1708 1921 1889 2011 1772 1929 1961 1996 1774 1711 1860 1786 1692 1896 1813 
2239 2026 2117 2218 2179 2156 1930 2528 2066 2122 2160 1995 2064 2101 2098 1932 2223 1955 2286 2331 2291 2335 1957 2306 2156 2104 2312 1919 2046 2372 2263 2144 2143 2181 2244 2092 2146 2133 2453 2132 2040 2086 2046 2011 2377 2171 2079 2345 1877 2269 1840 1942 1944 1895 2258 1907 2342 1933 1958 2169 2390 2411 2273 1973 2299 2428 2211 2034 2074 2234 2240 2065 2137 2065 2325 1894 2302 2072 2181 2590 2036 2285 1954 1993 1910 2092 2322 1951 2274 2084 2039 2072 2288 2013 2212 2110 2053 2161 2029 2157 
1899 1773 2032 2081 2123 1869 2083 2251 1885 1980 1900 1988 2032 2181 2196 1989 2045 1791 2283 2246 2153 2182 2054 2339 2099 2032 2149 1918 2070 2115 1958 1850 2103 2088 1754 2014 1997 1878 2207 1971 1830 1963 1894 1852 2305 2186 2071 2130 1923 2015 1745 1921 1842 1950 2050 1906 2028 1863 1767 2081 2089 2121 1933 1712 2032 2309 2057 1948 1935 2185 2046 1938 2221 1956 2142 1981 2059 1926 1962 2618 1885 2068 1837 2119 1771 2073 2050 2062 2211 1937 1869 2187 2108 1909 1960 2268 2003 1878 1909 1983 
1899 1782 1763 2088 1882 1884 2031 2236 1842 1992 1754 1882 1825 2019 2173 1931 2021 1951 1993 2137 2159 1989 1901 1942 1853 1826 2087 1711 1734 1958 2049 1918 1883 1877 1840 2072 2039 1879 2301 1948 1760 1885 1909 1858 2142 1811 1829 1984 1969 2005 1715 1758 1877 1738 1964 1746 1764 1771 1746 1915 2104 2161 1956 1671 1770 2309 1915 1934 1917 1872 1935 1832 2002 1942 1864 1842 2075 1785 1902 2317 1784 2037 1949 1860 1712 1743 2012 1618 1979 1970 2010 2007 1860 1784 1952 1976 1751 1950 1850 2078 
2036 2104 2186 2295 2256 2059 2049 2458 2077 2243 2106 2237 2173 2383 2426 2236 2311 2158 2280 2477 2453 2488 2154 2412 2297 2044 2374 2095 2159 2350 2255 2232 2321 2250 2209 2427 2163 2162 2491 2075 2095 2135 2204 2045 2668 2200 2125 2451 2226 2193 2104 2142 2126 2107 2307 2012 2249 1963 2167 2464 2429 2420 2136 2066 1964 2706 2288 2152 2005 2333 2180 2231 2210 2127 2204 2053 2174 2129 2142 2527 2204 2385 2146 2213 1880 2141 2017 2122 2294 2164 2201 2434 2211 2100 2065 2382 2048 2085 2200 2154 
1962 1901 2082 1970 1987 1936 1995 2388 1808 1991 1845 1948 1867 2044 2027 1950 2128 1944 2221 2130 2034 2222 2052 2140 2036 1828 2245 1951 1873 2032 2109 1962 1866 2080 1868 1974 2070 2018 2299 1752 1852 1919 1871 1994 2253 1863 2008 2009 1981 2174 1816 2002 2021 1797 2160 1953 1856 1687 1865 1907 2303 2286 1958 1846 1958 2392 1896 1975 2040 2004 2056 1912 1938 1831 2114 1951 1992 2105 1964 2388 2156 2263 1936 2038 1932 2003 1943 1868 2029 1913 2053 2088 1958 1910 1979 2158 1915 1982 1883 2005 
2090 1933 2044 2281 2125 2050 1907 2428 2084 2048 1925 2210 2065 2175 2127 1954 2205 1981 2221 2280 2110 2301 2194 2382 2158 2098 2104 1945 2036 2215 1984 1996 2131 2116 1967 2115 1964 2160 2500 1971 1936 2010 1892 1996 2401 1994 2144 2250 2017 2063 1744 1927 1863 2087 2219 1784 2242 1985 1752 2208 2142 2199 2064 1883 2025 2510 2154 1960 1963 2109 2057 2081 2121 2076 2222 2042 2155 1988 2131 2477 2015 2212 1960 2005 1827 2098 2037 1878 2101 1985 2178 2166 1972 1953 2095 2232 2026 2020 2021 2030 
1928 1806 1990 2105 2005 1910 1980 2435 1872 2150 2025 1986 1969 2090 2195 1876 2207 2117 2118 2416 2135 2311 1962 2390 2169 2098 1920 1970 2010 2004 2213 2089 2146 2051 2089 1894 1984 2036 2428 1841 1987 1936 1848 1868 2275 2040 2138 2147 1922 2198 1848 1872 1812 1947 2210 1946 1948 1868 1885 1965 2175 2185 1948 1852 1956 2382 2076 1931 1946 2219 2057 2001 1971 1876 2049 2028 2116 1822 2113 2400 1962 2214 1903 2065 1909 1951 1916 1831 2185 2049 2087 2062 2100 1841 1985 2104 1873 1884 1895 2007 
1988 1976 2104 1921 2025 2076 2001 2469 1977 2108 2008 2030 1972 2051 2173 2085 2122 2007 2178 2469 2154 2383 1890 2379 2252 2097 2261 1903 1950 2130 2187 1952 1960 2070 2022 2097 2001 2162 2339 1803 1910 2111 1977 2149 2307 1985 2025 2141 1912 2181 1882 1891 1902 1798 2160 1859 2108 1840 1862 2151 2154 2392 1959 1913 1938 2325 2064 1956 1959 2155 2066 1946 2135 1931 2209 2043 2206 2076 2010 2522 2092 2295 1927 2014 1860 2096 2074 1960 2093 2112 2262 2321 2081 1902 2086 2170 1753 2082 1929 2073 
2227 2042 2378 2268 2151 2169 2187 2690 2199 2253 2161 2252 2156 2355 2341 2192 2451 2079 2422 2382 2301 2342 2222 2609 2362 2414 2433 2081 2291 2448 2223 2141 2374 2281 2103 2288 2314 2429 2472 2256 2174 2400 2036 2094 2659 2150 2403 2411 2183 2422 1813 2151 2244 2229 2304 2064 2243 2066 2100 2243 2459 2476 2308 2076 2061 2546 2144 2175 2145 2278 2212 2189 2311 2176 2420 2300 2565 2120 2115 2812 2113 2479 2189 2139 2094 2283 2251 2264 2505 2252 2378 2385 2138 2114 2191 2498 2162 2113 1941 2272 
2059 2029 2185 2234 1932 1920 1854 2414 2094 2210 1791 1959 1897 2203 2004 1965 2290 1808 2018 2222 2258 2139 2057 2189 2161 1885 2297 1969 2141 2190 2034 2066 1888 2093 1981 2109 2055 1933 2350 1813 1834 2110 1930 1946 2347 2079 2164 2100 2051 2029 1727 1939 1832 1919 2093 1848 2196 1891 1864 2054 2211 2106 1843 1782 2115 2249 2065 2075 2067 2078 2159 1861 2168 1933 2113 1995 1960 2113 1945 2595 2102 2241 1866 1932 1899 2055 2003 1958 2131 2011 2008 2179 2126 1778 2069 2113 1940 2129 1936 2117 
2089 2083 2203 2276 2295 2112 2029 2531 2070 2295 1949 2067 2088 2216 2473 1948 2232 2033 2351 2473 2470 2508 2086 2402 2185 2235 2377 2120 2196 2287 2276 2227 1973 2187 2262 2272 2240 2130 2540 1976 2040 2047 2214 2102 2561 2111 2143 2470 2203 2228 1996 2007 2091 2008 2357 2108 2256 1958 1947 2312 2499 2346 2188 1762 2264 2527 2291 2148 2220 2287 2383 2070 2297 2121 2271 1960 2109 1966 2143 2618 2099 2316 2114 2214 2177 2147 2112 2047 2236 2093 2234 2264 2138 1977 2017 2256 2127 2021 2208 2093 
2079 2171 2390 2426 2235 2113 2030 2615 2141 2214 2103 2077 1995 2414 2216 2133 2417 2036 2219 2433 2382 2435 2201 2436 2179 2023 2437 2184 2220 2474 2233 2293 2195 2108 2232 2188 2215 2242 2472 2082 2142 2221 2129 2098 2552 2239 2264 2439 2033 2227 1882 2123 1953 2074 2364 1953 2316 2169 1922 2312 2452 2353 2227 2051 2182 2565 2183 1991 2004 2295 2298 2104 2252 2104 2305 1984 2274 2245 2115 2652 2284 2352 2146 2073 1963 2136 2119 1984 2237 2052 2178 2173 2269 1988 2226 2359 2131 2178 2066 2168 
1903 2042 2108 2355 2163 2096 2016 2464 2185 2064 1978 2095 2076 2081 2137 1939 2347 2108 2256 2477 2193 2460 2243 2465 2093 2090 2355 1843 2109 2281 2060 2085 2094 2137 2014 2141 2151 2008 2273 2133 2025 1995 2098 1969 2426 1898 2227 2276 2043 2180 1830 2126 2082 1959 2045 1985 2375 1924 1900 2275 2247 2342 2252 2029 2004 2327 2173 1944 2056 2057 2073 1958 2035 2074 2116 1892 2158 2132 2188 2591 1986 2255 2044 2060 2093 2051 2052 1978 2152 1983 2214 2115 2147 1999 2168 2258 2100 2232 2043 2088 
2174 2149 2083 2233 2322 2053 2128 2490 2251 2264 2166 2228 2109 2367 2152 1985 2245 2177 2246 2544 2391 2374 2094 2463 2343 2141 2526 1938 2172 2488 2370 2225 2185 2230 2225 2284 2211 2403 2495 2011 2066 2079 2160 2124 2527 2259 2102 2340 2191 2222 1992 2093 2027 2126 2415 1962 2273 2019 2081 2251 2437 2413 2042 2130 2103 2552 2231 2158 2156 2332 2323 2331 2175 2101 2354 2217 2096 2334 2286 2616 2250 2351 2112 2101 1901 2195 2223 2233 2350 2054 2203 2354 2241 2051 2228 2263 2043 2189 2017 2225 
1990 1799 2101 2133 2020 1721 1821 2288 1986 2030 2049 1938 1919 2045 2206 2104 2221 1872 2074 2209 2177 2226 1972 2333 2046 1987 2261 1828 2112 2100 2003 2114 2144 2090 1881 2015 2049 2007 2228 1846 1873 2164 1911 2049 2135 1977 1983 2083 1981 2240 1849 1953 2051 2086 2137 1914 2112 1861 1820 1921 2320 2260 2067 1944 1968 2282 2008 1876 2022 2126 2061 1886 1995 1869 2058 2072 2016 1958 1964 2428 2086 2274 1818 2165 1919 2037 1998 1890 2094 2039 2035 2143 2008 1940 1957 2106 1741 1913 1971 1895 
1713 1754 1919 2035 1920 1779 1908 2303 2037 1929 1801 1939 1893 1955 2001 1811 2075 1939 2030 2158 2173 2299 1887 2338 1965 1962 2228 1761 1847 2094 1976 1946 1979 1972 1983 2014 1897 1992 2277 1991 1883 1906 1842 1837 2205 1809 1896 2053 1943 2155 1740 1594 1915 1804 2100 1775 2095 1844 1797 1910 2088 2338 1975 1743 1908 2250 1952 1802 1878 1956 1940 1989 1911 1872 1933 1925 2056 2013 1954 2348 1978 2275 1837 1831 1650 1834 1920 1845 2155 1966 1980 1981 2057 1868 1823 2067 1847 1785 1670 2023 
1735 1825 1843 2035 1851 1830 1787 2289 1905 2039 1735 2048 1862 2112 1921 1793 2189 2000 2200 2336 2052 2166 1950 2296 2046 2008 2201 1854 1837 2001 2006 1931 2036 2022 1839 2030 2021 1903 2185 1885 1737 1853 1765 1998 2297 1859 1996 2193 1787 2002 1929 1855 1965 1749 2136 1766 2089 1707 1841 1989 2091 2223 1907 1816 1869 2323 1869 1832 1831 1927 1950 1888 1853 1851 1977 1797 2069 1865 1848 2529 2043 2019 1870 1915 1719 1847 1716 1831 2022 1813 2012 2099 1998 1753 1803 2093 1746 1951 1825 2035 
1889 1960 1856 2086 2038 1942 1996 2203 1885 1996 1887 2036 1968 2093 2197 1945 2042 2021 2165 2280 2109 2287 1963 2203 2088 1977 2078 1808 2051 2037 1995 1799 2010 2014 1963 2018 1903 1993 2183 1819 1856 2047 1871 1946 2243 1729 2066 2164 2019 1987 1808 1964 1872 1885 2016 1786 1991 1818 1827 1853 2181 2211 2067 1780 1963 2332 1994 1838 1898 2016 1947 1845 1998 1918 1962 1907 1854 1818 1971 2469 2029 2111 1797 1973 1875 1842 1965 1879 1999 1992 2187 1997 1969 1914 1799 2126 1845 2029 1885 1960 
1963 1912 2097 2130 2110 2007 2001 2381 2052 2071 2162 1985 1874 2104 2072 1895 2130 2050 2243 2264 2198 2238 2088 2287 2021 1932 2183 1937 2054 2271 2138 1924 1893 2041 1949 1895 2204 2197 2286 1940 2005 2065 1782 1918 2287 2131 2112 1984 1949 2038 1718 2005 1786 2025 2386 1748 1941 1964 1784 1931 2236 2277 1987 1978 1993 2313 1937 1990 1922 2166 2063 2026 2154 1939 1992 2008 2008 2124 2060 2480 2177 2153 1899 1999 1873 2182 1976 1904 2173 1903 2075 2098 2024 1848 2125 2167 2127 1963 1911 2049 
1840 1957 1973 2032 2087 2113 2161 2297 2030 2107 1833 2104 2025 2214 2201 1954 2011 1947 2144 2392 2229 2302 2083 2275 2139 2022 2261 1917 1978 2213 2166 1983 1996 2125 2109 2216 2100 2108 2331 1891 1959 1949 1952 1981 2422 1894 2150 2130 2021 2209 1724 1966 2019 1934 2089 1821 2069 1992 1973 1877 2290 2369 1918 1886 2114 2300 2022 2118 2119 2145 1866 2027 2179 1977 2046 2114 2057 2016 2087 2442 2069 2182 1995 2069 1842 1986 1998 1998 2285 2058 2027 2111 2070 1956 1940 2107 1920 1868 1791 1985 
1989 1867 2076 2225 2055 2151 2058 2558 2095 2101 2016 2001 1998 2149 2176 2029 2312 1954 2230 2308 2271 2399 1970 2427 2178 2141 2274 1965 2039 2356 2140 2138 2149 2126 2108 2133 2214 1991 2404 2084 1859 2144 2140 1927 2279 2057 2156 2207 2210 2151 1840 2031 2033 1897 1999 1751 2177 1854 1952 2148 2432 2396 2165 1862 1922 2426 2210 2089 2104 2271 2111 2166 2205 2118 2258 1975 2293 2091 2060 2543 2004 2257 1973 1920 1869 2086 1984 2016 2252 2040 2094 2132 2114 1998 2093 2114 2005 2098 1884 2222 
1704 1938 2055 2103 1970 1860 1927 2303 1895 1848 1909 2053 1771 2200 2155 1929 2002 1864 2060 2206 1889 2232 2003 2287 2077 1782 2016 1819 1955 2159 2096 2098 2020 2131 2151 1964 1928 2013 2236 1669 1996 2081 1890 1905 2305 1910 1902 1998 2037 1924 1763 1814 1827 1825 2140 1705 2130 1869 1923 2114 1998 2116 1999 1938 1889 2383 1926 1807 1909 2108 2130 1931 2009 1941 1938 1889 1942 2068 1826 2225 2004 2105 1889 1992 1538 1849 1853 1827 2103 1844 1972 2019 1961 1910 1779 2173 1792 2013 1854 1868 
1951 2030 2032 2140 2112 2032 1975 2354 1968 1969 2080 1992 2064 2152 2160 2181 2053 1942 2281 2270 2222 2276 2025 2335 2093 2072 2168 1985 2035 2197 2298 2120 2158 2122 2121 2128 2137 2168 2434 1875 1936 2142 2003 1933 2375 2153 2129 2283 2056 2114 1854 2056 1973 1962 2289 1939 2315 1836 1895 2158 2442 2328 2066 1945 2084 2539 2110 2065 1993 2388 2125 2068 2072 2046 2179 1854 2082 1951 2156 2527 2202 2194 1995 2210 1829 1962 1890 2073 2274 2159 2271 2020 2005 1937 2110 2112 1991 2075 1955 2060 
1750 1877 1973 1993 1810 1873 1928 2231 1745 1813 1819 1904 1782 2042 1970 1892 1975 1854 1874 2063 2003 2132 1909 2225 2013 1932 1984 1650 1945 2063 1961 1909 1906 1996 1809 1964 1950 1929 2176 1793 1729 1972 1875 1790 2251 1825 1905 1991 1924 1921 1609 1880 1824 1729 1983 1719 2043 1847 1722 1886 1977 2016 1765 1762 1838 2078 1800 1897 1848 1880 1856 1725 1914 1912 1919 1964 2079 1871 1821 2435 1816 1937 1738 1885 1514 1842 1873 1927 2042 1879 1797 1865 1709 1732 1680 2100 1827 1978 1668 1966 
1740 1724 1889 1946 1875 1794 1891 2346 1973 2028 1834 1943 1873 2000 2035 1719 1949 1920 1958 2122 2078 2169 1998 2290 2022 1991 2032 1812 2092 2090 1902 1826 2122 1986 1879 1934 2075 1917 2201 1776 1864 1796 1853 1662 2162 1868 1936 2243 1930 1874 1796 1904 1916 1835 2013 1595 1954 1759 1854 1758 2148 2255 1889 1875 1839 2085 2031 1997 1901 2117 1877 1952 1876 2023 1914 1889 1897 1989 1946 2413 1953 2068 1798 1789 1926 1967 1827 1990 2088 1832 1910 2010 1975 1830 1723 1921 1929 1899 1822 2111 
1914 1829 1968 1992 1866 1960 1898 2296 1875 1963 1729 1885 2022 1963 2005 1807 2082 1906 2047 2042 2115 2132 1924 2031 1819 1786 2197 1788 1854 2102 1980 1836 1904 1904 1857 2152 1928 2124 2197 1986 1764 1906 1805 1815 2194 2027 2014 2020 1779 1980 1567 1797 1911 1885 2026 1738 2017 1835 1634 1992 2219 2226 1989 1715 1809 2313 1815 1799 1842 1947 1942 1927 1984 1925 2007 1954 1991 1869 1976 2500 1966 2034 1837 1989 1743 1957 1765 1904 1981 1827 2079 2123 2043 1847 1998 2057 1888 1823 1801 1980 
1802 1972 2096 2098 1886 1778 1702 2289 1968 1858 1855 1910 1850 2104 2001 2078 1983 1849 2019 2281 2101 2040 1987 2101 1947 1761 2098 1820 1901 1935 1764 1784 2010 1962 1854 2034 1899 1998 2129 1817 1921 1938 1810 1828 2057 1971 2034 2077 1799 1882 1590 1780 1753 1940 1942 1982 2043 1838 1582 2008 2047 2065 1846 1857 1919 2216 1972 1881 1807 1968 1835 1871 1890 1917 1873 1939 1771 1923 1860 2360 1863 2045 1908 1902 1737 2029 1873 1758 1970 2052 1950 1999 1916 1767 1989 2020 1986 1888 1923 1774 
1894 1975 2047 2044 1958 1974 2052 2449 2042 1952 1860 2023 1868 2244 2009 1954 2104 2011 2087 2202 2147 2331 1921 2359 2209 2012 2130 1843 1888 2158 2033 1857 2028 2136 1910 2107 1972 2089 2321 1884 1974 2020 1941 1970 2386 2050 1965 2074 2016 2221 1798 1945 1851 1892 2122 1820 1994 1902 1972 1971 2056 2299 1860 1764 1943 2342 1950 1939 2117 2033 2054 1689 1946 1880 2019 1984 2100 1975 2117 2566 1937 2132 1848 2079 1790 1978 2020 2055 2177 1835 2084 2176 1988 1809 1955 2096 1782 2060 1751 2081 
2145 2217 2364 2281 2337 2048 2184 2720 2219 2344 2120 2308 2413 2343 2477 2302 2359 2236 2386 2477 2525 2617 2232 2607 2377 2149 2488 2208 2362 2391 2384 2391 2289 2460 2389 2381 2215 2350 2601 2133 2120 2319 2159 2165 2562 2262 2414 2461 2403 2337 2058 2186 2265 2246 2329 2203 2426 2104 2191 2358 2593 2463 2323 2309 2142 2766 2320 2186 2321 2321 2373 2167 2298 2325 2362 2379 2248 2277 2288 2805 2321 2469 2174 2304 2144 2315 2096 2298 2401 2364 2386 2437 2436 2221 2128 2544 2146 2369 2162 2359 
1929 1942 2075 2123 2028 1938 2010 2398 1994 2120 1992 2106 1879 2134 2244 1957 2115 1846 2131 2111 2214 2243 2093 2303 2057 1894 2092 1891 2163 2241 2173 2114 2058 2015 2147 1928 2064 1907 2278 1841 1965 2030 1995 1793 2444 1975 2107 2123 1968 1985 1703 1880 2012 1989 2171 1870 2124 1914 1876 2009 2253 2148 2086 1872 1995 2306 1974 1963 1770 2265 1996 1894 2054 1967 2016 1935 1975 2084 2065 2502 2090 2155 1829 2050 1793 1913 1922 1989 2242 1860 2000 2076 2041 1804 1843 2200 1936 1916 1910 2143 
1919 2131 2216 2324 1992 2096 2114 2521 2040 2256 2026 2053 1888 2417 2271 2117 2275 2123 2281 2426 2156 2319 1904 2438 2282 1922 2333 1942 2140 2166 2202 2203 2249 2199 2146 2302 2176 2289 2287 1990 2270 2127 2155 2060 2436 2031 2297 2454 2065 2216 1890 2102 2181 2061 2192 1993 2165 2021 2162 2269 2347 2252 2039 2044 2031 2431 2083 2113 2126 2136 2078 1992 2077 2005 2064 1907 2128 2104 1970 2649 2185 2317 2035 2115 1885 2063 2162 2127 2207 1993 2145 2363 2245 1963 2013 2324 1969 2060 2112 2269 
2080 2170 2423 2262 2251 2237 2137 2545 2252 2280 2157 2176 2093 2267 2231 2036 2365 2310 2296 2609 2371 2356 2028 2477 2214 2115 2417 2190 2159 2290 2248 2357 2412 2251 2272 2447 2319 2249 2443 2036 2121 2198 2148 2083 2525 2275 2287 2362 2038 2207 1918 2048 2126 2060 2344 2041 2498 2147 2093 2473 2435 2362 2244 2092 2044 2650 2078 2156 2177 2290 2344 2205 2204 2141 2339 2051 2437 2198 2158 2782 2206 2400 2170 2396 2042 2217 2126 1992 2447 2027 2125 2355 2415 2033 2260 2304 2067 2289 2231 2216 
1893 1905 2015 1943 1891 1705 1770 2137 1921 1763 1846 1818 1873 2023 2019 1777 1993 1837 1928 2169 2190 2025 1969 2161 1870 1831 2145 1689 1992 2147 1831 1786 1785 1860 1736 1859 1902 2001 2209 1882 1693 1934 1787 1766 2285 1986 1797 1990 1816 1998 1615 1811 1734 1802 2151 1750 1957 1805 1612 1887 2040 2196 1918 1694 1862 2143 1777 1822 1729 2010 1946 1816 1921 1871 1941 1945 1887 1923 1936 2363 1880 2016 1692 1848 1678 1923 1908 1858 2131 1797 1819 1972 1991 1708 1938 1950 1840 1734 1604 1899 
1810 1863 2122 2139 1993 2027 1809 2358 2063 2036 1927 1780 1852 1924 1862 1831 2091 1983 1951 2277 2310 2208 1917 2271 2030 1989 2063 1962 2041 2201 1996 1983 2041 1877 1849 1975 2035 1928 2290 1864 1907 1938 1811 1850 2209 1841 2112 2105 1730 1869 1723 1792 2029 1749 1958 1802 1967 1841 1843 1909 2147 2200 1882 1743 1899 2115 2056 1876 1945 1956 2075 2050 2013 1815 1774 1944 2073 1941 1787 2352 1943 2182 1954 1891 1867 1952 1878 1872 1955 1896 1979 2038 2023 1807 1918 1939 1830 1996 1919 1967 
1777 1555 1978 1876 1891 1793 1783 2062 1710 1884 1861 1728 1744 1873 1867 1759 1933 1766 1929 2083 1978 1886 1863 2164 1894 1911 1977 1747 1862 2050 1820 1880 1932 1723 1660 1742 1921 1726 2072 1759 1664 1923 1712 1801 2104 1865 1892 1927 1648 1877 1623 1741 1615 1818 1972 1705 1841 1621 1584 1945 2044 2069 1836 1682 1721 2024 1859 1604 1642 1935 1974 1933 1722 1547 1814 1714 2067 1687 1825 2321 1873 1996 1653 1785 1581 1910 1723 1645 2083 1777 1926 1910 1930 1699 1789 1968 1744 1803 1689 1811 
1984 2044 2100 2257 2130 2077 1998 2558 2190 2235 2210 2100 2168 2187 2173 2094 2409 2099 2190 2293 2281 2499 2138 2475 2307 2230 2320 2015 2250 2488 2310 2082 2206 2159 2228 2220 2095 2175 2319 2048 2172 2378 2048 2107 2524 2159 2163 2187 1995 2089 1838 1899 1842 2124 2217 2075 2208 1885 1968 2150 2350 2245 2153 1964 1951 2436 2303 1987 2120 2190 2227 2234 2092 2100 2154 2072 2116 2081 2158 2741 2113 2203 2063 1936 2060 2093 2148 2172 2282 2150 2446 2192 2267 1956 2179 2214 1898 2274 2049 2149 
1910 1948 2151 2191 2094 1917 1966 2475 2088 2191 2011 2176 2020 2189 2275 2130 2231 2075 2179 2349 2390 2232 2154 2253 2059 1980 2328 1979 2014 2256 2120 2083 2263 2263 2068 2161 2182 2056 2308 1970 2070 2128 2107 1965 2291 2078 2213 2305 2091 2077 1923 2128 1996 2020 2196 1985 2182 1915 1854 2147 2395 2376 2116 2144 1988 2501 2151 1997 2073 2221 2092 2057 2134 2121 2245 2019 2027 2201 2111 2601 2015 2189 2063 1965 1982 2175 1919 1877 2111 2169 2111 2150 2111 2001 2157 2257 2060 2307 2030 2200 
2025 2138 2321 2285 2177 2150 2123 2630 2226 2268 2114 2190 2287 2270 2452 2179 2393 2101 2382 2544 2496 2524 2112 2638 2322 2178 2544 2197 2363 2396 2337 2312 2455 2324 2235 2205 2331 2268 2425 2145 2179 2384 2115 2229 2557 2087 2385 2419 2074 2298 2027 2190 2032 2019 2387 2053 2482 2228 2046 2293 2537 2598 2261 2061 2221 2617 2226 2161 2150 2465 2346 2097 2284 2289 2331 2240 2391 2340 2036 2739 2260 2423 2090 2178 2101 2239 2124 2204 2358 2325 2362 2180 2357 2147 2317 2303 2277 2203 2037 2253 
1708 1782 1831 2060 1898 1755 1760 2311 1917 1947 2014 1810 1772 1886 1935 1700 1922 1805 2000 1995 2046 2062 1837 2144 1859 1930 2048 1725 2006 2183 2066 1828 1853 1955 1826 1867 1984 1809 1909 1705 1987 1991 1851 1874 2168 1906 2002 2052 1810 1963 1858 1782 1731 1836 2171 1817 1860 1536 1741 1925 2011 1952 1753 1771 1767 2228 2026 1792 1817 2089 2055 1947 1979 1841 1905 1809 1832 1898 2015 2309 1823 2202 1695 1641 1907 1805 1928 1896 2097 1744 2067 1879 2061 1619 1870 1921 1846 1826 1750 1780 
